0.0000	0.000E+00	25	0.0000	0.000E+00	25
0.0000	0.000E+00	25	0.0000	0.000E+00	25
0.0000	0.000E+00	25	0.0000	0.000E+00	25
0.0000	0.000E+00	25	0.0000	0.000E+00	25
0.0000	0.000E+00	25	0.0000	0.000E+00	25
0.0000	0.000E+00	25	0.0000	0.000E+00	25
0.0000	0.000E+00	25	0.0000	0.000E+00	25
0.0000	0.000E+00	25	0.0000	0.000E+00	25
0.0000	0.000E+00	25	0.0000	0.000E+00	25
0.0000	0.000E+00	25	0.0000	0.000E+00	25
0.0044	-4.379E-05	25	0.0044	-4.379E-05	25
0.0088	-8.753E-05	25	0.0088	-8.753E-05	25
0.0132	-1.312E-04	25	0.0132	-1.312E-04	25
0.0176	-1.749E-04	25	0.0176	-1.749E-04	25
0.0220	-2.185E-04	25	0.0220	-2.185E-04	25
0.0176	-1.748E-04	25	0.0176	-1.748E-04	25
0.0132	-1.311E-04	25	0.0132	-1.311E-04	25
0.0088	-8.741E-05	25	0.0088	-8.741E-05	25
0.0044	-4.370E-05	25	0.0044	-4.370E-05	25
0.0000	0.000E+00	25	0.0000	0.000E+00	25
-0.0044	4.370E-05	25	-0.0044	4.370E-05	25
-0.0088	8.741E-05	25	-0.0088	8.741E-05	25
-0.0132	1.311E-04	25	-0.0132	1.311E-04	25
-0.0176	1.748E-04	25	-0.0176	1.748E-04	25
-0.0220	2.185E-04	25	-0.0220	2.185E-04	25
-0.0176	1.748E-04	25	-0.0176	1.748E-04	25
-0.0132	1.311E-04	25	-0.0132	1.311E-04	25
-0.0088	8.741E-05	25	-0.0088	8.741E-05	25
-0.0044	4.370E-05	25	-0.0044	4.370E-05	25
0.0000	0.000E+00	25	0.0000	0.000E+00	25
0.0044	-4.370E-05	25	0.0044	-4.370E-05	25
0.0088	-8.741E-05	25	0.0088	-8.741E-05	25
0.0132	-1.311E-04	25	0.0132	-1.311E-04	25
0.0176	-1.748E-04	25	0.0176	-1.748E-04	25
0.0220	-2.185E-04	25	0.0220	-2.185E-04	25
0.0176	-1.748E-04	25	0.0176	-1.748E-04	25
0.0132	-1.311E-04	25	0.0132	-1.311E-04	25
0.0088	-8.741E-05	25	0.0088	-8.741E-05	25
0.0044	-4.370E-05	25	0.0044	-4.370E-05	25
0.0000	0.000E+00	25	0.0000	0.000E+00	25
-0.0044	4.370E-05	25	-0.0044	4.370E-05	25
-0.0088	8.741E-05	25	-0.0088	8.741E-05	25
-0.0132	1.311E-04	25	-0.0132	1.311E-04	25
-0.0176	1.748E-04	25	-0.0176	1.748E-04	25
-0.0220	2.185E-04	25	-0.0220	2.185E-04	25
-0.0176	1.748E-04	25	-0.0176	1.748E-04	25
-0.0132	1.311E-04	25	-0.0132	1.311E-04	25
-0.0088	8.741E-05	25	-0.0088	8.741E-05	25
-0.0044	4.370E-05	25	-0.0044	4.370E-05	25
0.0000	0.000E+00	25	0.0000	0.000E+00	25
0.0088	-8.741E-05	25	0.0088	-8.741E-05	25
0.0176	-1.748E-04	25	0.0176	-1.748E-04	25
0.0264	-2.621E-04	25	0.0264	-2.621E-04	25
0.0352	-3.491E-04	25	0.0352	-3.491E-04	25
0.0440	-4.360E-04	25	0.0440	-4.360E-04	25
0.0352	-3.488E-04	25	0.0352	-3.488E-04	25
0.0264	-2.616E-04	25	0.0264	-2.616E-04	25
0.0176	-1.744E-04	25	0.0176	-1.744E-04	25
0.0088	-8.719E-05	25	0.0088	-8.719E-05	25
0.0000	0.000E+00	25	0.0000	0.000E+00	25
-0.0088	8.719E-05	25	-0.0088	8.719E-05	25
-0.0176	1.744E-04	25	-0.0176	1.744E-04	25
-0.0264	2.616E-04	25	-0.0264	2.616E-04	25
-0.0352	3.488E-04	25	-0.0352	3.488E-04	25
-0.0440	4.360E-04	25	-0.0440	4.360E-04	25
-0.0352	3.488E-04	25	-0.0352	3.488E-04	25
-0.0264	2.616E-04	25	-0.0264	2.616E-04	25
-0.0176	1.744E-04	25	-0.0176	1.744E-04	25
-0.0088	8.719E-05	25	-0.0088	8.719E-05	25
0.0000	0.000E+00	25	0.0000	0.000E+00	25
0.0088	-8.719E-05	25	0.0088	-8.719E-05	25
0.0176	-1.744E-04	25	0.0176	-1.744E-04	25
0.0264	-2.616E-04	25	0.0264	-2.616E-04	25
0.0352	-3.488E-04	25	0.0352	-3.488E-04	25
0.0440	-4.360E-04	25	0.0440	-4.360E-04	25
0.0352	-3.488E-04	25	0.0352	-3.488E-04	25
0.0264	-2.616E-04	25	0.0264	-2.616E-04	25
0.0176	-1.744E-04	25	0.0176	-1.744E-04	25
0.0088	-8.719E-05	25	0.0088	-8.719E-05	25
0.0000	0.000E+00	25	0.0000	0.000E+00	25
-0.0088	8.719E-05	25	-0.0088	8.719E-05	25
-0.0176	1.744E-04	25	-0.0176	1.744E-04	25
-0.0264	2.616E-04	25	-0.0264	2.616E-04	25
-0.0352	3.488E-04	25	-0.0352	3.488E-04	25
-0.0440	4.360E-04	25	-0.0440	4.360E-04	25
-0.0352	3.488E-04	25	-0.0352	3.488E-04	25
-0.0264	2.616E-04	25	-0.0264	2.616E-04	25
-0.0176	1.744E-04	25	-0.0176	1.744E-04	25
-0.0088	8.719E-05	25	-0.0088	8.719E-05	25
0.0000	0.000E+00	25	0.0000	0.000E+00	25
0.0108	-1.070E-04	25	0.0108	-1.070E-04	25
0.0216	-2.140E-04	25	0.0216	-2.140E-04	25
0.0324	-3.210E-04	25	0.0324	-3.210E-04	25
0.0432	-4.280E-04	25	0.0432	-4.280E-04	25
0.0540	-5.344E-04	25	0.0540	-5.344E-04	25
0.0648	-6.406E-04	25	0.0648	-6.406E-04	25
0.0756	-7.464E-04	25	0.0756	-7.464E-04	25
0.0864	-8.520E-04	25	0.0864	-8.520E-04	25
0.0972	-9.573E-04	25	0.0972	-9.573E-04	25
0.1080	-1.062E-03	25	0.1080	-1.062E-03	25
0.0972	-9.562E-04	25	0.0972	-9.562E-04	25
0.0864	-8.499E-04	25	0.0864	-8.499E-04	25
0.0756	-7.437E-04	25	0.0756	-7.437E-04	25
0.0648	-6.375E-04	25	0.0648	-6.375E-04	25
0.0540	-5.312E-04	25	0.0540	-5.312E-04	25
0.0432	-4.250E-04	25	0.0432	-4.250E-04	25
0.0324	-3.187E-04	25	0.0324	-3.187E-04	25
0.0216	-2.125E-04	25	0.0216	-2.125E-04	25
0.0108	-1.062E-04	25	0.0108	-1.062E-04	25
0.0000	0.000E+00	25	0.0000	0.000E+00	25
-0.0108	1.062E-04	25	-0.0108	1.062E-04	25
-0.0216	2.125E-04	25	-0.0216	2.125E-04	25
-0.0324	3.187E-04	25	-0.0324	3.187E-04	25
-0.0432	4.250E-04	25	-0.0432	4.250E-04	25
-0.0540	5.312E-04	25	-0.0540	5.312E-04	25
-0.0648	6.375E-04	25	-0.0648	6.375E-04	25
-0.0756	7.437E-04	25	-0.0756	7.437E-04	25
-0.0864	8.499E-04	25	-0.0864	8.499E-04	25
-0.0972	9.562E-04	25	-0.0972	9.562E-04	25
-0.1080	1.062E-03	25	-0.1080	1.062E-03	25
-0.0972	9.562E-04	25	-0.0972	9.562E-04	25
-0.0864	8.499E-04	25	-0.0864	8.499E-04	25
-0.0756	7.437E-04	25	-0.0756	7.437E-04	25
-0.0648	6.375E-04	25	-0.0648	6.375E-04	25
-0.0540	5.312E-04	25	-0.0540	5.312E-04	25
-0.0432	4.250E-04	25	-0.0432	4.250E-04	25
-0.0324	3.187E-04	25	-0.0324	3.187E-04	25
-0.0216	2.125E-04	25	-0.0216	2.125E-04	25
-0.0108	1.062E-04	25	-0.0108	1.062E-04	25
0.0000	0.000E+00	25	0.0000	0.000E+00	25
0.0108	-1.062E-04	25	0.0108	-1.062E-04	25
0.0216	-2.125E-04	25	0.0216	-2.125E-04	25
0.0324	-3.187E-04	25	0.0324	-3.187E-04	25
0.0432	-4.250E-04	25	0.0432	-4.250E-04	25
0.0540	-5.312E-04	25	0.0540	-5.312E-04	25
0.0648	-6.375E-04	25	0.0648	-6.375E-04	25
0.0756	-7.437E-04	25	0.0756	-7.437E-04	25
0.0864	-8.499E-04	25	0.0864	-8.499E-04	25
0.0972	-9.562E-04	25	0.0972	-9.562E-04	25
0.1080	-1.062E-03	25	0.1080	-1.062E-03	25
0.0972	-9.562E-04	25	0.0972	-9.562E-04	25
0.0864	-8.499E-04	25	0.0864	-8.499E-04	25
0.0756	-7.437E-04	25	0.0756	-7.437E-04	25
0.0648	-6.375E-04	25	0.0648	-6.375E-04	25
0.0540	-5.312E-04	25	0.0540	-5.312E-04	25
0.0432	-4.250E-04	25	0.0432	-4.250E-04	25
0.0324	-3.187E-04	25	0.0324	-3.187E-04	25
0.0216	-2.125E-04	25	0.0216	-2.125E-04	25
0.0108	-1.062E-04	25	0.0108	-1.062E-04	25
0.0000	0.000E+00	25	0.0000	0.000E+00	25
-0.0108	1.062E-04	25	-0.0108	1.062E-04	25
-0.0216	2.125E-04	25	-0.0216	2.125E-04	25
-0.0324	3.187E-04	25	-0.0324	3.187E-04	25
-0.0432	4.250E-04	25	-0.0432	4.250E-04	25
-0.0540	5.312E-04	25	-0.0540	5.312E-04	25
-0.0648	6.375E-04	25	-0.0648	6.375E-04	25
-0.0756	7.437E-04	25	-0.0756	7.437E-04	25
-0.0864	8.499E-04	25	-0.0864	8.499E-04	25
-0.0972	9.562E-04	25	-0.0972	9.562E-04	25
-0.1080	1.062E-03	25	-0.1080	1.062E-03	25
-0.0972	9.562E-04	25	-0.0972	9.562E-04	25
-0.0864	8.499E-04	25	-0.0864	8.499E-04	25
-0.0756	7.437E-04	25	-0.0756	7.437E-04	25
-0.0648	6.375E-04	25	-0.0648	6.375E-04	25
-0.0540	5.312E-04	25	-0.0540	5.312E-04	25
-0.0432	4.250E-04	25	-0.0432	4.250E-04	25
-0.0324	3.187E-04	25	-0.0324	3.187E-04	25
-0.0216	2.125E-04	25	-0.0216	2.125E-04	25
-0.0108	1.062E-04	25	-0.0108	1.062E-04	25
0.0000	0.000E+00	25	0.0000	0.000E+00	25