0	0.000E+00	30	0	0.000E+00	30
0	0.000E+00	30	0	0.000E+00	30
0	0.000E+00	30	0	0.000E+00	30
0	0.000E+00	30	0	0.000E+00	30
0	0.000E+00	30	0	0.000E+00	30
0	0.000E+00	30	0	0.000E+00	30
0	0.000E+00	30	0	0.000E+00	30
0	0.000E+00	30	0	0.000E+00	30
0	0.000E+00	30	0	0.000E+00	30
0	0.000E+00	30	0	0.000E+00	30
0.001	-9.956E-06	30	0.001	-9.956E-06	30
0.002	-1.991E-05	30	0.002	-1.991E-05	30
0.003	-2.986E-05	30	0.003	-2.986E-05	30
0.004	-3.981E-05	30	0.004	-3.981E-05	30
0.005	-4.976E-05	30	0.005	-4.976E-05	30
0.004	-4.976E-05	30	0.004	-4.976E-05	30
0.003	-4.976E-05	30	0.003	-4.976E-05	30
0.002	-4.976E-05	30	0.002	-4.976E-05	30
0.001	-4.976E-05	30	0.001	-4.976E-05	30
0	-4.976E-05	30	0	-4.976E-05	30
-0.001	-4.976E-05	30	-0.001	-4.976E-05	30
-0.002	-4.976E-05	30	-0.002	-4.976E-05	30
-0.003	-4.976E-05	30	-0.003	-4.976E-05	30
-0.004	-4.976E-05	30	-0.004	-4.976E-05	30
-0.005	-4.976E-05	30	-0.005	-4.976E-05	30
-0.004	-4.976E-05	30	-0.004	-4.976E-05	30
-0.003	-4.976E-05	30	-0.003	-4.976E-05	30
-0.002	-4.976E-05	30	-0.002	-4.976E-05	30
-0.001	-4.976E-05	30	-0.001	-4.976E-05	30
0	-4.976E-05	30	0	-4.976E-05	30
0.001	-4.976E-05	30	0.001	-4.976E-05	30
0.002	-4.976E-05	30	0.002	-4.976E-05	30
0.003	-4.976E-05	30	0.003	-4.976E-05	30
0.004	-4.976E-05	30	0.004	-4.976E-05	30
0.005	-4.976E-05	30	0.005	-4.976E-05	30
0.004	-4.976E-05	30	0.004	-4.976E-05	30
0.003	-4.976E-05	30	0.003	-4.976E-05	30
0.002	-4.976E-05	30	0.002	-4.976E-05	30
0.001	-4.976E-05	30	0.001	-4.976E-05	30
0	-4.976E-05	30	0	-4.976E-05	30
-0.001	-4.976E-05	30	-0.001	-4.976E-05	30
-0.002	-4.976E-05	30	-0.002	-4.976E-05	30
-0.003	-4.976E-05	30	-0.003	-4.976E-05	30
-0.004	-4.976E-05	30	-0.004	-4.976E-05	30
-0.005	-4.976E-05	30	-0.005	-4.976E-05	30
-0.004	-4.976E-05	30	-0.004	-4.976E-05	30
-0.003	-4.976E-05	30	-0.003	-4.976E-05	30
-0.002	-4.976E-05	30	-0.002	-4.976E-05	30
-0.001	-4.976E-05	30	-0.001	-4.976E-05	30
0	-4.976E-05	30	0	-4.976E-05	30
0.001	-4.976E-05	30	0.001	-4.976E-05	30
0.002	-4.976E-05	30	0.002	-4.976E-05	30
0.003	-4.976E-05	30	0.003	-4.976E-05	30
0.004	-4.976E-05	30	0.004	-4.976E-05	30
0.005	-4.976E-05	30	0.005	-4.976E-05	30
0.004	-4.976E-05	30	0.004	-4.976E-05	30
0.003	-4.976E-05	30	0.003	-4.976E-05	30
0.002	-4.976E-05	30	0.002	-4.976E-05	30
0.001	-4.976E-05	30	0.001	-4.976E-05	30
0	-4.976E-05	30	0	-4.976E-05	30
-0.001	-4.976E-05	30	-0.001	-4.976E-05	30
-0.002	-4.976E-05	30	-0.002	-4.976E-05	30
-0.003	-4.976E-05	30	-0.003	-4.976E-05	30
-0.004	-4.976E-05	30	-0.004	-4.976E-05	30
-0.005	-4.976E-05	30	-0.005	-4.976E-05	30
-0.004	-4.976E-05	30	-0.004	-4.976E-05	30
-0.003	-4.976E-05	30	-0.003	-4.976E-05	30
-0.002	-4.976E-05	30	-0.002	-4.976E-05	30
-0.001	-4.976E-05	30	-0.001	-4.976E-05	30
0	-4.976E-05	30	0	-4.976E-05	30
0.004	-4.976E-05	30	0.004	-4.976E-05	30
0.008	-7.958E-05	30	0.008	-7.958E-05	30
0.012	-1.193E-04	30	0.012	-1.193E-04	30
0.016	-1.590E-04	30	0.016	-1.590E-04	30
0.02	-1.987E-04	30	0.02	-1.987E-04	30
0.016	-1.987E-04	30	0.016	-1.987E-04	30
0.012	-1.987E-04	30	0.012	-1.987E-04	30
0.008	-1.987E-04	30	0.008	-1.987E-04	30
0.004	-1.987E-04	30	0.004	-1.987E-04	30
0	-1.987E-04	30	0	-1.987E-04	30
-0.004	-1.987E-04	30	-0.004	-1.987E-04	30
-0.008	-1.987E-04	30	-0.008	-1.987E-04	30
-0.012	-1.987E-04	30	-0.012	-1.987E-04	30
-0.016	-1.987E-04	30	-0.016	-1.987E-04	30
-0.02	-1.987E-04	30	-0.02	-1.987E-04	30
-0.016	-1.987E-04	30	-0.016	-1.987E-04	30
-0.012	-1.987E-04	30	-0.012	-1.987E-04	30
-0.008	-1.987E-04	30	-0.008	-1.987E-04	30
-0.004	-1.987E-04	30	-0.004	-1.987E-04	30
0	-1.987E-04	30	0	-1.987E-04	30
0.004	-1.987E-04	30	0.004	-1.987E-04	30
0.008	-1.987E-04	30	0.008	-1.987E-04	30
0.012	-1.987E-04	30	0.012	-1.987E-04	30
0.016	-1.987E-04	30	0.016	-1.987E-04	30
0.02	-1.987E-04	30	0.02	-1.987E-04	30
0.016	-1.987E-04	30	0.016	-1.987E-04	30
0.012	-1.987E-04	30	0.012	-1.987E-04	30
0.008	-1.987E-04	30	0.008	-1.987E-04	30
0.004	-1.987E-04	30	0.004	-1.987E-04	30
0	-1.987E-04	30	0	-1.987E-04	30
-0.004	-1.987E-04	30	-0.004	-1.987E-04	30
-0.008	-1.987E-04	30	-0.008	-1.987E-04	30
-0.012	-1.987E-04	30	-0.012	-1.987E-04	30
-0.016	-1.987E-04	30	-0.016	-1.987E-04	30
-0.02	-1.987E-04	30	-0.02	-1.987E-04	30
-0.016	-1.987E-04	30	-0.016	-1.987E-04	30
-0.012	-1.987E-04	30	-0.012	-1.987E-04	30
-0.008	-1.987E-04	30	-0.008	-1.987E-04	30
-0.004	-1.987E-04	30	-0.004	-1.987E-04	30
0	-1.987E-04	30	0	-1.987E-04	30
0.004	-1.987E-04	30	0.004	-1.987E-04	30
0.008	-1.987E-04	30	0.008	-1.987E-04	30
0.012	-1.987E-04	30	0.012	-1.987E-04	30
0.016	-1.987E-04	30	0.016	-1.987E-04	30
0.02	-1.987E-04	30	0.02	-1.987E-04	30
0.016	-1.987E-04	30	0.016	-1.987E-04	30
0.012	-1.987E-04	30	0.012	-1.987E-04	30
0.008	-1.987E-04	30	0.008	-1.987E-04	30
0.004	-1.987E-04	30	0.004	-1.987E-04	30
0	-1.987E-04	30	0	-1.987E-04	30
-0.004	-1.987E-04	30	-0.004	-1.987E-04	30
-0.008	-1.987E-04	30	-0.008	-1.987E-04	30
-0.012	-1.987E-04	30	-0.012	-1.987E-04	30
-0.016	-1.987E-04	30	-0.016	-1.987E-04	30
-0.02	-1.987E-04	30	-0.02	-1.987E-04	30
-0.016	-1.987E-04	30	-0.016	-1.987E-04	30
-0.012	-1.987E-04	30	-0.012	-1.987E-04	30
-0.008	-1.987E-04	30	-0.008	-1.987E-04	30
-0.004	-1.987E-04	30	-0.004	-1.987E-04	30
0	-1.987E-04	30	0	-1.987E-04	30
0.02	-1.987E-04	30	0.02	-1.987E-04	30
0.04	-3.965E-04	30	0.04	-3.965E-04	30
0.06	-5.934E-04	30	0.06	-5.934E-04	30
0.08	-7.895E-04	30	0.08	-7.895E-04	30
0.1	-9.846E-04	30	0.1	-9.846E-04	30
0.12	-1.179E-03	30	0.12	-1.179E-03	30
0.14	-1.372E-03	30	0.14	-1.372E-03	30
0.16	-1.565E-03	30	0.16	-1.565E-03	30
0.18	-1.756E-03	30	0.18	-1.756E-03	30
0.2	-1.947E-03	30	0.2	-1.947E-03	30
0.18	-1.947E-03	30	0.18	-1.947E-03	30
0.16	-1.947E-03	30	0.16	-1.947E-03	30
0.14	-1.947E-03	30	0.14	-1.947E-03	30
0.12	-1.947E-03	30	0.12	-1.947E-03	30
0.1	-1.947E-03	30	0.1	-1.947E-03	30
0.08	-1.947E-03	30	0.08	-1.947E-03	30
0.06	-1.947E-03	30	0.06	-1.947E-03	30
0.04	-1.947E-03	30	0.04	-1.947E-03	30
0.02	-1.947E-03	30	0.02	-1.947E-03	30
0	-1.947E-03	30	0	-1.947E-03	30
-0.02	-1.947E-03	30	-0.02	-1.947E-03	30
-0.04	-1.947E-03	30	-0.04	-1.947E-03	30
-0.06	-1.947E-03	30	-0.06	-1.947E-03	30
-0.08	-1.947E-03	30	-0.08	-1.947E-03	30
-0.1	-1.947E-03	30	-0.1	-1.947E-03	30
-0.12	-1.947E-03	30	-0.12	-1.947E-03	30
-0.14	-1.947E-03	30	-0.14	-1.947E-03	30
-0.16	-1.947E-03	30	-0.16	-1.947E-03	30
-0.18	-1.947E-03	30	-0.18	-1.947E-03	30
-0.2	-1.947E-03	30	-0.2	-1.947E-03	30
-0.18	-1.947E-03	30	-0.18	-1.947E-03	30
-0.16	-1.947E-03	30	-0.16	-1.947E-03	30
-0.14	-1.947E-03	30	-0.14	-1.947E-03	30
-0.12	-1.947E-03	30	-0.12	-1.947E-03	30
-0.1	-1.947E-03	30	-0.1	-1.947E-03	30
-0.08	-1.947E-03	30	-0.08	-1.947E-03	30
-0.06	-1.947E-03	30	-0.06	-1.947E-03	30
-0.04	-1.947E-03	30	-0.04	-1.947E-03	30
-0.02	-1.947E-03	30	-0.02	-1.947E-03	30
0	-1.947E-03	30	0	-1.947E-03	30
0.02	-1.947E-03	30	0.02	-1.947E-03	30
0.04	-1.947E-03	30	0.04	-1.947E-03	30
0.06	-1.947E-03	30	0.06	-1.947E-03	30
0.08	-1.947E-03	30	0.08	-1.947E-03	30
0.1	-1.947E-03	30	0.1	-1.947E-03	30
0.12	-1.947E-03	30	0.12	-1.947E-03	30
0.14	-1.947E-03	30	0.14	-1.947E-03	30
0.16	-1.947E-03	30	0.16	-1.947E-03	30
0.18	-1.947E-03	30	0.18	-1.947E-03	30
0.2	-1.947E-03	30	0.2	-1.947E-03	30
0.18	-1.947E-03	30	0.18	-1.947E-03	30
0.16	-1.947E-03	30	0.16	-1.947E-03	30
0.14	-1.947E-03	30	0.14	-1.947E-03	30
0.12	-1.947E-03	30	0.12	-1.947E-03	30
0.1	-1.947E-03	30	0.1	-1.947E-03	30
0.08	-1.947E-03	30	0.08	-1.947E-03	30
0.06	-1.947E-03	30	0.06	-1.947E-03	30
0.04	-1.947E-03	30	0.04	-1.947E-03	30
0.02	-1.947E-03	30	0.02	-1.947E-03	30
0	-1.947E-03	30	0	-1.947E-03	30
-0.02	-1.947E-03	30	-0.02	-1.947E-03	30
-0.04	-1.947E-03	30	-0.04	-1.947E-03	30
-0.06	-1.947E-03	30	-0.06	-1.947E-03	30
-0.08	-1.947E-03	30	-0.08	-1.947E-03	30
-0.1	-1.947E-03	30	-0.1	-1.947E-03	30
-0.12	-1.947E-03	30	-0.12	-1.947E-03	30
-0.14	-1.947E-03	30	-0.14	-1.947E-03	30
-0.16	-1.947E-03	30	-0.16	-1.947E-03	30
-0.18	-1.947E-03	30	-0.18	-1.947E-03	30
-0.2	-1.947E-03	30	-0.2	-1.947E-03	30
-0.18	-1.947E-03	30	-0.18	-1.947E-03	30
-0.16	-1.947E-03	30	-0.16	-1.947E-03	30
-0.14	-1.947E-03	30	-0.14	-1.947E-03	30
-0.12	-1.947E-03	30	-0.12	-1.947E-03	30
-0.1	-1.947E-03	30	-0.1	-1.947E-03	30
-0.08	-1.947E-03	30	-0.08	-1.947E-03	30
-0.06	-1.947E-03	30	-0.06	-1.947E-03	30
-0.04	-1.947E-03	30	-0.04	-1.947E-03	30
-0.02	-1.947E-03	30	-0.02	-1.947E-03	30
0	-1.947E-03	30	0	-1.947E-03	30
0.02	-1.947E-03	30	0.02	-1.947E-03	30
0.04	-1.947E-03	30	0.04	-1.947E-03	30
0.06	-1.947E-03	30	0.06	-1.947E-03	30
0.08	-1.947E-03	30	0.08	-1.947E-03	30
0.1	-1.947E-03	30	0.1	-1.947E-03	30
0.12	-1.947E-03	30	0.12	-1.947E-03	30
0.14	-1.947E-03	30	0.14	-1.947E-03	30
0.16	-1.947E-03	30	0.16	-1.947E-03	30
0.18	-1.947E-03	30	0.18	-1.947E-03	30
0.2	-1.947E-03	30	0.2	-1.947E-03	30
0.18	-1.947E-03	30	0.18	-1.947E-03	30
0.16	-1.947E-03	30	0.16	-1.947E-03	30
0.14	-1.947E-03	30	0.14	-1.947E-03	30
0.12	-1.947E-03	30	0.12	-1.947E-03	30
0.1	-1.947E-03	30	0.1	-1.947E-03	30
0.08	-1.947E-03	30	0.08	-1.947E-03	30
0.06	-1.947E-03	30	0.06	-1.947E-03	30
0.04	-1.947E-03	30	0.04	-1.947E-03	30
0.02	-1.947E-03	30	0.02	-1.947E-03	30
0	-1.947E-03	30	0	-1.947E-03	30
-0.02	-1.947E-03	30	-0.02	-1.947E-03	30
-0.04	-1.947E-03	30	-0.04	-1.947E-03	30
-0.06	-1.947E-03	30	-0.06	-1.947E-03	30
-0.08	-1.947E-03	30	-0.08	-1.947E-03	30
-0.1	-1.947E-03	30	-0.1	-1.947E-03	30
-0.12	-1.947E-03	30	-0.12	-1.947E-03	30
-0.14	-1.947E-03	30	-0.14	-1.947E-03	30
-0.16	-1.947E-03	30	-0.16	-1.947E-03	30
-0.18	-1.947E-03	30	-0.18	-1.947E-03	30
-0.2	-1.947E-03	30	-0.2	-1.947E-03	30
-0.18	-1.947E-03	30	-0.18	-1.947E-03	30
-0.16	-1.947E-03	30	-0.16	-1.947E-03	30
-0.14	-1.947E-03	30	-0.14	-1.947E-03	30
-0.12	-1.947E-03	30	-0.12	-1.947E-03	30
-0.1	-1.947E-03	30	-0.1	-1.947E-03	30
-0.08	-1.947E-03	30	-0.08	-1.947E-03	30
-0.06	-1.947E-03	30	-0.06	-1.947E-03	30
-0.04	-1.947E-03	30	-0.04	-1.947E-03	30
-0.02	-1.947E-03	30	-0.02	-1.947E-03	30
0	-1.947E-03	30	0	-1.947E-03	30
0.03	-1.947E-03	30	0.03	-1.947E-03	30
0.06	-1.947E-03	30	0.06	-1.947E-03	30
0.09	-1.947E-03	30	0.09	-1.947E-03	30
0.12	-1.947E-03	30	0.12	-1.947E-03	30
0.15	-1.947E-03	30	0.15	-1.947E-03	30
0.18	-1.947E-03	30	0.18	-1.947E-03	30
0.21	-2.042E-03	30	0.21	-2.042E-03	30
0.24	-2.326E-03	30	0.24	-2.326E-03	30
0.27	-2.608E-03	30	0.27	-2.608E-03	30
0.3	-2.887E-03	30	0.3	-2.887E-03	30
0.27	-2.887E-03	30	0.27	-2.887E-03	30
0.24	-2.887E-03	30	0.24	-2.887E-03	30
0.21	-2.887E-03	30	0.21	-2.887E-03	30
0.18	-2.887E-03	30	0.18	-2.887E-03	30
0.15	-2.887E-03	30	0.15	-2.887E-03	30
0.12	-2.887E-03	30	0.12	-2.887E-03	30
0.09	-2.887E-03	30	0.09	-2.887E-03	30
0.06	-2.887E-03	30	0.06	-2.887E-03	30
0.03	-2.887E-03	30	0.03	-2.887E-03	30
0	-2.887E-03	30	0	-2.887E-03	30
-0.03	-2.887E-03	30	-0.03	-2.887E-03	30
-0.06	-2.887E-03	30	-0.06	-2.887E-03	30
-0.09	-2.887E-03	30	-0.09	-2.887E-03	30
-0.12	-2.887E-03	30	-0.12	-2.887E-03	30
-0.15	-2.887E-03	30	-0.15	-2.887E-03	30
-0.18	-2.887E-03	30	-0.18	-2.887E-03	30
-0.21	-2.887E-03	30	-0.21	-2.887E-03	30
-0.24	-2.887E-03	30	-0.24	-2.887E-03	30
-0.27	-2.887E-03	30	-0.27	-2.887E-03	30
-0.3	-2.887E-03	30	-0.3	-2.887E-03	30
-0.27	-2.887E-03	30	-0.27	-2.887E-03	30
-0.24	-2.887E-03	30	-0.24	-2.887E-03	30
-0.21	-2.887E-03	30	-0.21	-2.887E-03	30
-0.18	-2.887E-03	30	-0.18	-2.887E-03	30
-0.15	-2.887E-03	30	-0.15	-2.887E-03	30
-0.12	-2.887E-03	30	-0.12	-2.887E-03	30
-0.09	-2.887E-03	30	-0.09	-2.887E-03	30
-0.06	-2.887E-03	30	-0.06	-2.887E-03	30
-0.03	-2.887E-03	30	-0.03	-2.887E-03	30
0	-2.887E-03	30	0	-2.887E-03	30
0.03	-2.887E-03	30	0.03	-2.887E-03	30
0.06	-2.887E-03	30	0.06	-2.887E-03	30
0.09	-2.887E-03	30	0.09	-2.887E-03	30
0.12	-2.887E-03	30	0.12	-2.887E-03	30
0.15	-2.887E-03	30	0.15	-2.887E-03	30
0.18	-2.887E-03	30	0.18	-2.887E-03	30
0.21	-2.887E-03	30	0.21	-2.887E-03	30
0.24	-2.887E-03	30	0.24	-2.887E-03	30
0.27	-2.887E-03	30	0.27	-2.887E-03	30
0.3	-2.887E-03	30	0.3	-2.887E-03	30
0.27	-2.887E-03	30	0.27	-2.887E-03	30
0.24	-2.887E-03	30	0.24	-2.887E-03	30
0.21	-2.887E-03	30	0.21	-2.887E-03	30
0.18	-2.887E-03	30	0.18	-2.887E-03	30
0.15	-2.887E-03	30	0.15	-2.887E-03	30
0.12	-2.887E-03	30	0.12	-2.887E-03	30
0.09	-2.887E-03	30	0.09	-2.887E-03	30
0.06	-2.887E-03	30	0.06	-2.887E-03	30
0.03	-2.887E-03	30	0.03	-2.887E-03	30
0	-2.887E-03	30	0	-2.887E-03	30
-0.03	-2.887E-03	30	-0.03	-2.887E-03	30
-0.06	-2.887E-03	30	-0.06	-2.887E-03	30
-0.09	-2.887E-03	30	-0.09	-2.887E-03	30
-0.12	-2.887E-03	30	-0.12	-2.887E-03	30
-0.15	-2.887E-03	30	-0.15	-2.887E-03	30
-0.18	-2.887E-03	30	-0.18	-2.887E-03	30
-0.21	-2.887E-03	30	-0.21	-2.887E-03	30
-0.24	-2.887E-03	30	-0.24	-2.887E-03	30
-0.27	-2.887E-03	30	-0.27	-2.887E-03	30
-0.3	-2.887E-03	30	-0.3	-2.887E-03	30
-0.27	-2.887E-03	30	-0.27	-2.887E-03	30
-0.24	-2.887E-03	30	-0.24	-2.887E-03	30
-0.21	-2.887E-03	30	-0.21	-2.887E-03	30
-0.18	-2.887E-03	30	-0.18	-2.887E-03	30
-0.15	-2.887E-03	30	-0.15	-2.887E-03	30
-0.12	-2.887E-03	30	-0.12	-2.887E-03	30
-0.09	-2.887E-03	30	-0.09	-2.887E-03	30
-0.06	-2.887E-03	30	-0.06	-2.887E-03	30
-0.03	-2.887E-03	30	-0.03	-2.887E-03	30
0	-2.887E-03	30	0	-2.887E-03	30
0.03	-2.887E-03	30	0.03	-2.887E-03	30
0.06	-2.887E-03	30	0.06	-2.887E-03	30
0.09	-2.887E-03	30	0.09	-2.887E-03	30
0.12	-2.887E-03	30	0.12	-2.887E-03	30
0.15	-2.887E-03	30	0.15	-2.887E-03	30
0.18	-2.887E-03	30	0.18	-2.887E-03	30
0.21	-2.887E-03	30	0.21	-2.887E-03	30
0.24	-2.887E-03	30	0.24	-2.887E-03	30
0.27	-2.887E-03	30	0.27	-2.887E-03	30
0.3	-2.887E-03	30	0.3	-2.887E-03	30
0.27	-2.887E-03	30	0.27	-2.887E-03	30
0.24	-2.887E-03	30	0.24	-2.887E-03	30
0.21	-2.887E-03	30	0.21	-2.887E-03	30
0.18	-2.887E-03	30	0.18	-2.887E-03	30
0.15	-2.887E-03	30	0.15	-2.887E-03	30
0.12	-2.887E-03	30	0.12	-2.887E-03	30
0.09	-2.887E-03	30	0.09	-2.887E-03	30
0.06	-2.887E-03	30	0.06	-2.887E-03	30
0.03	-2.887E-03	30	0.03	-2.887E-03	30
0	-2.887E-03	30	0	-2.887E-03	30
-0.03	-2.887E-03	30	-0.03	-2.887E-03	30
-0.06	-2.887E-03	30	-0.06	-2.887E-03	30
-0.09	-2.887E-03	30	-0.09	-2.887E-03	30
-0.12	-2.887E-03	30	-0.12	-2.887E-03	30
-0.15	-2.887E-03	30	-0.15	-2.887E-03	30
-0.18	-2.887E-03	30	-0.18	-2.887E-03	30
-0.21	-2.887E-03	30	-0.21	-2.887E-03	30
-0.24	-2.887E-03	30	-0.24	-2.887E-03	30
-0.27	-2.887E-03	30	-0.27	-2.887E-03	30
-0.3	-2.887E-03	30	-0.3	-2.887E-03	30
-0.27	-2.887E-03	30	-0.27	-2.887E-03	30
-0.24	-2.887E-03	30	-0.24	-2.887E-03	30
-0.21	-2.887E-03	30	-0.21	-2.887E-03	30
-0.18	-2.887E-03	30	-0.18	-2.887E-03	30
-0.15	-2.887E-03	30	-0.15	-2.887E-03	30
-0.12	-2.887E-03	30	-0.12	-2.887E-03	30
-0.09	-2.887E-03	30	-0.09	-2.887E-03	30
-0.06	-2.887E-03	30	-0.06	-2.887E-03	30
-0.03	-2.887E-03	30	-0.03	-2.887E-03	30
0	-2.887E-03	30	0	-2.887E-03	30
0.025	-2.887E-03	30	0.025	-2.887E-03	30
0.05	-2.887E-03	30	0.05	-2.887E-03	30
0.075	-2.887E-03	30	0.075	-2.887E-03	30
0.1	-2.887E-03	30	0.1	-2.887E-03	30
0.125	-2.887E-03	30	0.125	-2.887E-03	30
0.15	-2.887E-03	30	0.15	-2.887E-03	30
0.175	-2.887E-03	30	0.175	-2.887E-03	30
0.2	-2.887E-03	30	0.2	-2.887E-03	30
0.225	-2.887E-03	30	0.225	-2.887E-03	30
0.25	-2.887E-03	30	0.25	-2.887E-03	30
0.275	-2.887E-03	30	0.275	-2.887E-03	30
0.3	-2.887E-03	30	0.3	-2.887E-03	30
0.325	-3.119E-03	30	0.325	-3.119E-03	30
0.35	-3.349E-03	30	0.35	-3.349E-03	30
0.375	-3.578E-03	30	0.375	-3.578E-03	30
0.4	-3.806E-03	30	0.4	-3.806E-03	30
0.425	-4.032E-03	30	0.425	-4.032E-03	30
0.45	-4.256E-03	30	0.45	-4.256E-03	30
0.475	-4.480E-03	30	0.475	-4.480E-03	30
0.5	-4.702E-03	30	0.5	-4.702E-03	30
0.475	-4.702E-03	30	0.475	-4.702E-03	30
0.45	-4.702E-03	30	0.45	-4.702E-03	30
0.425	-4.702E-03	30	0.425	-4.702E-03	30
0.4	-4.702E-03	30	0.4	-4.702E-03	30
0.375	-4.702E-03	30	0.375	-4.702E-03	30
0.35	-4.702E-03	30	0.35	-4.702E-03	30
0.325	-4.702E-03	30	0.325	-4.702E-03	30
0.3	-4.702E-03	30	0.3	-4.702E-03	30
0.275	-4.702E-03	30	0.275	-4.702E-03	30
0.25	-4.702E-03	30	0.25	-4.702E-03	30
0.225	-4.702E-03	30	0.225	-4.702E-03	30
0.2	-4.702E-03	30	0.2	-4.702E-03	30
0.175	-4.702E-03	30	0.175	-4.702E-03	30
0.15	-4.702E-03	30	0.15	-4.702E-03	30
0.125	-4.702E-03	30	0.125	-4.702E-03	30
0.1	-4.702E-03	30	0.1	-4.702E-03	30
0.075	-4.702E-03	30	0.075	-4.702E-03	30
0.05	-4.702E-03	30	0.05	-4.702E-03	30
0.025	-4.702E-03	30	0.025	-4.702E-03	30
0	-4.702E-03	30	0	-4.702E-03	30
-0.025	-4.702E-03	30	-0.025	-4.702E-03	30
-0.05	-4.702E-03	30	-0.05	-4.702E-03	30
-0.075	-4.702E-03	30	-0.075	-4.702E-03	30
-0.1	-4.702E-03	30	-0.1	-4.702E-03	30
-0.125	-4.702E-03	30	-0.125	-4.702E-03	30
-0.15	-4.702E-03	30	-0.15	-4.702E-03	30
-0.175	-4.702E-03	30	-0.175	-4.702E-03	30
-0.2	-4.702E-03	30	-0.2	-4.702E-03	30
-0.225	-4.702E-03	30	-0.225	-4.702E-03	30
-0.25	-4.702E-03	30	-0.25	-4.702E-03	30
-0.275	-4.702E-03	30	-0.275	-4.702E-03	30
-0.3	-4.702E-03	30	-0.3	-4.702E-03	30
-0.325	-4.702E-03	30	-0.325	-4.702E-03	30
-0.35	-4.702E-03	30	-0.35	-4.702E-03	30
-0.375	-4.702E-03	30	-0.375	-4.702E-03	30
-0.4	-4.702E-03	30	-0.4	-4.702E-03	30
-0.425	-4.702E-03	30	-0.425	-4.702E-03	30
-0.45	-4.702E-03	30	-0.45	-4.702E-03	30
-0.475	-4.702E-03	30	-0.475	-4.702E-03	30
-0.5	-4.702E-03	30	-0.5	-4.702E-03	30
-0.475	-4.702E-03	30	-0.475	-4.702E-03	30
-0.45	-4.702E-03	30	-0.45	-4.702E-03	30
-0.425	-4.702E-03	30	-0.425	-4.702E-03	30
-0.4	-4.702E-03	30	-0.4	-4.702E-03	30
-0.375	-4.702E-03	30	-0.375	-4.702E-03	30
-0.35	-4.702E-03	30	-0.35	-4.702E-03	30
-0.325	-4.702E-03	30	-0.325	-4.702E-03	30
-0.3	-4.702E-03	30	-0.3	-4.702E-03	30
-0.275	-4.702E-03	30	-0.275	-4.702E-03	30
-0.25	-4.702E-03	30	-0.25	-4.702E-03	30
-0.225	-4.702E-03	30	-0.225	-4.702E-03	30
-0.2	-4.702E-03	30	-0.2	-4.702E-03	30
-0.175	-4.702E-03	30	-0.175	-4.702E-03	30
-0.15	-4.702E-03	30	-0.15	-4.702E-03	30
-0.125	-4.702E-03	30	-0.125	-4.702E-03	30
-0.1	-4.702E-03	30	-0.1	-4.702E-03	30
-0.075	-4.702E-03	30	-0.075	-4.702E-03	30
-0.05	-4.702E-03	30	-0.05	-4.702E-03	30
-0.025	-4.702E-03	30	-0.025	-4.702E-03	30
0	-4.702E-03	30	0	-4.702E-03	30
0.025	-4.702E-03	30	0.025	-4.702E-03	30
0.05	-4.702E-03	30	0.05	-4.702E-03	30
0.075	-4.702E-03	30	0.075	-4.702E-03	30
0.1	-4.702E-03	30	0.1	-4.702E-03	30
0.125	-4.702E-03	30	0.125	-4.702E-03	30
0.15	-4.702E-03	30	0.15	-4.702E-03	30
0.175	-4.702E-03	30	0.175	-4.702E-03	30
0.2	-4.702E-03	30	0.2	-4.702E-03	30
0.225	-4.702E-03	30	0.225	-4.702E-03	30
0.25	-4.702E-03	30	0.25	-4.702E-03	30
0.275	-4.702E-03	30	0.275	-4.702E-03	30
0.3	-4.702E-03	30	0.3	-4.702E-03	30
0.325	-4.702E-03	30	0.325	-4.702E-03	30
0.35	-4.702E-03	30	0.35	-4.702E-03	30
0.375	-4.702E-03	30	0.375	-4.702E-03	30
0.4	-4.702E-03	30	0.4	-4.702E-03	30
0.425	-4.702E-03	30	0.425	-4.702E-03	30
0.45	-4.702E-03	30	0.45	-4.702E-03	30
0.475	-4.702E-03	30	0.475	-4.702E-03	30
0.5	-4.702E-03	30	0.5	-4.702E-03	30
0.475	-4.702E-03	30	0.475	-4.702E-03	30
0.45	-4.702E-03	30	0.45	-4.702E-03	30
0.425	-4.702E-03	30	0.425	-4.702E-03	30
0.4	-4.702E-03	30	0.4	-4.702E-03	30
0.375	-4.702E-03	30	0.375	-4.702E-03	30
0.35	-4.702E-03	30	0.35	-4.702E-03	30
0.325	-4.702E-03	30	0.325	-4.702E-03	30
0.3	-4.702E-03	30	0.3	-4.702E-03	30
0.275	-4.702E-03	30	0.275	-4.702E-03	30
0.25	-4.702E-03	30	0.25	-4.702E-03	30
0.225	-4.702E-03	30	0.225	-4.702E-03	30
0.2	-4.702E-03	30	0.2	-4.702E-03	30
0.175	-4.702E-03	30	0.175	-4.702E-03	30
0.15	-4.702E-03	30	0.15	-4.702E-03	30
0.125	-4.702E-03	30	0.125	-4.702E-03	30
0.1	-4.702E-03	30	0.1	-4.702E-03	30
0.075	-4.702E-03	30	0.075	-4.702E-03	30
0.05	-4.702E-03	30	0.05	-4.702E-03	30
0.025	-4.702E-03	30	0.025	-4.702E-03	30
0	-4.702E-03	30	0	-4.702E-03	30
-0.025	-4.702E-03	30	-0.025	-4.702E-03	30
-0.05	-4.702E-03	30	-0.05	-4.702E-03	30
-0.075	-4.702E-03	30	-0.075	-4.702E-03	30
-0.1	-4.702E-03	30	-0.1	-4.702E-03	30
-0.125	-4.702E-03	30	-0.125	-4.702E-03	30
-0.15	-4.702E-03	30	-0.15	-4.702E-03	30
-0.175	-4.702E-03	30	-0.175	-4.702E-03	30
-0.2	-4.702E-03	30	-0.2	-4.702E-03	30
-0.225	-4.702E-03	30	-0.225	-4.702E-03	30
-0.25	-4.702E-03	30	-0.25	-4.702E-03	30
-0.275	-4.702E-03	30	-0.275	-4.702E-03	30
-0.3	-4.702E-03	30	-0.3	-4.702E-03	30
-0.325	-4.702E-03	30	-0.325	-4.702E-03	30
-0.35	-4.702E-03	30	-0.35	-4.702E-03	30
-0.375	-4.702E-03	30	-0.375	-4.702E-03	30
-0.4	-4.702E-03	30	-0.4	-4.702E-03	30
-0.425	-4.702E-03	30	-0.425	-4.702E-03	30
-0.45	-4.702E-03	30	-0.45	-4.702E-03	30
-0.475	-4.702E-03	30	-0.475	-4.702E-03	30
-0.5	-4.702E-03	30	-0.5	-4.702E-03	30
-0.475	-4.702E-03	30	-0.475	-4.702E-03	30
-0.45	-4.702E-03	30	-0.45	-4.702E-03	30
-0.425	-4.702E-03	30	-0.425	-4.702E-03	30
-0.4	-4.702E-03	30	-0.4	-4.702E-03	30
-0.375	-4.702E-03	30	-0.375	-4.702E-03	30
-0.35	-4.702E-03	30	-0.35	-4.702E-03	30
-0.325	-4.702E-03	30	-0.325	-4.702E-03	30
-0.3	-4.702E-03	30	-0.3	-4.702E-03	30
-0.275	-4.702E-03	30	-0.275	-4.702E-03	30
-0.25	-4.702E-03	30	-0.25	-4.702E-03	30
-0.225	-4.702E-03	30	-0.225	-4.702E-03	30
-0.2	-4.702E-03	30	-0.2	-4.702E-03	30
-0.175	-4.702E-03	30	-0.175	-4.702E-03	30
-0.15	-4.702E-03	30	-0.15	-4.702E-03	30
-0.125	-4.702E-03	30	-0.125	-4.702E-03	30
-0.1	-4.702E-03	30	-0.1	-4.702E-03	30
-0.075	-4.702E-03	30	-0.075	-4.702E-03	30
-0.05	-4.702E-03	30	-0.05	-4.702E-03	30
-0.025	-4.702E-03	30	-0.025	-4.702E-03	30
0	-4.702E-03	30	0	-4.702E-03	30
0.025	-4.702E-03	30	0.025	-4.702E-03	30
0.05	-4.702E-03	30	0.05	-4.702E-03	30
0.075	-4.702E-03	30	0.075	-4.702E-03	30
0.1	-4.702E-03	30	0.1	-4.702E-03	30
0.125	-4.702E-03	30	0.125	-4.702E-03	30
0.15	-4.702E-03	30	0.15	-4.702E-03	30
0.175	-4.702E-03	30	0.175	-4.702E-03	30
0.2	-4.702E-03	30	0.2	-4.702E-03	30
0.225	-4.702E-03	30	0.225	-4.702E-03	30
0.25	-4.702E-03	30	0.25	-4.702E-03	30
0.275	-4.702E-03	30	0.275	-4.702E-03	30
0.3	-4.702E-03	30	0.3	-4.702E-03	30
0.325	-4.702E-03	30	0.325	-4.702E-03	30
0.35	-4.702E-03	30	0.35	-4.702E-03	30
0.375	-4.702E-03	30	0.375	-4.702E-03	30
0.4	-4.702E-03	30	0.4	-4.702E-03	30
0.425	-4.702E-03	30	0.425	-4.702E-03	30
0.45	-4.702E-03	30	0.45	-4.702E-03	30
0.475	-4.702E-03	30	0.475	-4.702E-03	30
0.5	-4.702E-03	30	0.5	-4.702E-03	30
0.475	-4.702E-03	30	0.475	-4.702E-03	30
0.45	-4.702E-03	30	0.45	-4.702E-03	30
0.425	-4.702E-03	30	0.425	-4.702E-03	30
0.4	-4.702E-03	30	0.4	-4.702E-03	30
0.375	-4.702E-03	30	0.375	-4.702E-03	30
0.35	-4.702E-03	30	0.35	-4.702E-03	30
0.325	-4.702E-03	30	0.325	-4.702E-03	30
0.3	-4.702E-03	30	0.3	-4.702E-03	30
0.275	-4.702E-03	30	0.275	-4.702E-03	30
0.25	-4.702E-03	30	0.25	-4.702E-03	30
0.225	-4.702E-03	30	0.225	-4.702E-03	30
0.2	-4.702E-03	30	0.2	-4.702E-03	30
0.175	-4.702E-03	30	0.175	-4.702E-03	30
0.15	-4.702E-03	30	0.15	-4.702E-03	30
0.125	-4.702E-03	30	0.125	-4.702E-03	30
0.1	-4.702E-03	30	0.1	-4.702E-03	30
0.075	-4.702E-03	30	0.075	-4.702E-03	30
0.05	-4.702E-03	30	0.05	-4.702E-03	30
0.025	-4.702E-03	30	0.025	-4.702E-03	30
0	-4.702E-03	30	0	-4.702E-03	30
-0.025	-4.702E-03	30	-0.025	-4.702E-03	30
-0.05	-4.702E-03	30	-0.05	-4.702E-03	30
-0.075	-4.702E-03	30	-0.075	-4.702E-03	30
-0.1	-4.702E-03	30	-0.1	-4.702E-03	30
-0.125	-4.702E-03	30	-0.125	-4.702E-03	30
-0.15	-4.702E-03	30	-0.15	-4.702E-03	30
-0.175	-4.702E-03	30	-0.175	-4.702E-03	30
-0.2	-4.702E-03	30	-0.2	-4.702E-03	30
-0.225	-4.702E-03	30	-0.225	-4.702E-03	30
-0.25	-4.702E-03	30	-0.25	-4.702E-03	30
-0.275	-4.702E-03	30	-0.275	-4.702E-03	30
-0.3	-4.702E-03	30	-0.3	-4.702E-03	30
-0.325	-4.702E-03	30	-0.325	-4.702E-03	30
-0.35	-4.702E-03	30	-0.35	-4.702E-03	30
-0.375	-4.702E-03	30	-0.375	-4.702E-03	30
-0.4	-4.702E-03	30	-0.4	-4.702E-03	30
-0.425	-4.702E-03	30	-0.425	-4.702E-03	30
-0.45	-4.702E-03	30	-0.45	-4.702E-03	30
-0.475	-4.702E-03	30	-0.475	-4.702E-03	30
-0.5	-4.702E-03	30	-0.5	-4.702E-03	30
-0.475	-4.702E-03	30	-0.475	-4.702E-03	30
-0.45	-4.702E-03	30	-0.45	-4.702E-03	30
-0.425	-4.702E-03	30	-0.425	-4.702E-03	30
-0.4	-4.702E-03	30	-0.4	-4.702E-03	30
-0.375	-4.702E-03	30	-0.375	-4.702E-03	30
-0.35	-4.702E-03	30	-0.35	-4.702E-03	30
-0.325	-4.702E-03	30	-0.325	-4.702E-03	30
-0.3	-4.702E-03	30	-0.3	-4.702E-03	30
-0.275	-4.702E-03	30	-0.275	-4.702E-03	30
-0.25	-4.702E-03	30	-0.25	-4.702E-03	30
-0.225	-4.702E-03	30	-0.225	-4.702E-03	30
-0.2	-4.702E-03	30	-0.2	-4.702E-03	30
-0.175	-4.702E-03	30	-0.175	-4.702E-03	30
-0.15	-4.702E-03	30	-0.15	-4.702E-03	30
-0.125	-4.702E-03	30	-0.125	-4.702E-03	30
-0.1	-4.702E-03	30	-0.1	-4.702E-03	30
-0.075	-4.702E-03	30	-0.075	-4.702E-03	30
-0.05	-4.702E-03	30	-0.05	-4.702E-03	30
-0.025	-4.702E-03	30	-0.025	-4.702E-03	30
0	-4.702E-03	30	0	-4.702E-03	30
0.039	-4.702E-03	30	0.039	-4.702E-03	30
0.078	-4.702E-03	30	0.078	-4.702E-03	30
0.117	-4.702E-03	30	0.117	-4.702E-03	30
0.156	-4.702E-03	30	0.156	-4.702E-03	30
0.195	-4.702E-03	30	0.195	-4.702E-03	30
0.234	-4.702E-03	30	0.234	-4.702E-03	30
0.273	-4.702E-03	30	0.273	-4.702E-03	30
0.312	-4.702E-03	30	0.312	-4.702E-03	30
0.351	-4.702E-03	30	0.351	-4.702E-03	30
0.39	-4.702E-03	30	0.39	-4.702E-03	30
0.429	-4.702E-03	30	0.429	-4.702E-03	30
0.468	-4.702E-03	30	0.468	-4.702E-03	30
0.507	-4.764E-03	30	0.507	-4.764E-03	30
0.546	-5.106E-03	30	0.546	-5.106E-03	30
0.585	-5.446E-03	30	0.585	-5.446E-03	30
0.624	-5.782E-03	30	0.624	-5.782E-03	30
0.663	-6.115E-03	30	0.663	-6.115E-03	30
0.702	-6.444E-03	30	0.702	-6.444E-03	30
0.741	-6.770E-03	30	0.741	-6.770E-03	30
0.78	-7.093E-03	30	0.78	-7.093E-03	30
0.741	-7.093E-03	30	0.741	-7.093E-03	30
0.702	-7.093E-03	30	0.702	-7.093E-03	30
0.663	-7.093E-03	30	0.663	-7.093E-03	30
0.624	-7.093E-03	30	0.624	-7.093E-03	30
0.585	-7.093E-03	30	0.585	-7.093E-03	30
0.546	-7.093E-03	30	0.546	-7.093E-03	30
0.507	-7.093E-03	30	0.507	-7.093E-03	30
0.468	-7.093E-03	30	0.468	-7.093E-03	30
0.429	-7.093E-03	30	0.429	-7.093E-03	30
0.39	-7.093E-03	30	0.39	-7.093E-03	30
0.351	-7.093E-03	30	0.351	-7.093E-03	30
0.312	-7.093E-03	30	0.312	-7.093E-03	30
0.273	-7.093E-03	30	0.273	-7.093E-03	30
0.234	-7.093E-03	30	0.234	-7.093E-03	30
0.195	-7.093E-03	30	0.195	-7.093E-03	30
0.156	-7.093E-03	30	0.156	-7.093E-03	30
0.117	-7.093E-03	30	0.117	-7.093E-03	30
0.078	-7.093E-03	30	0.078	-7.093E-03	30
0.039	-7.093E-03	30	0.039	-7.093E-03	30
0	-7.093E-03	30	0	-7.093E-03	30
-0.039	-7.093E-03	30	-0.039	-7.093E-03	30
-0.078	-7.093E-03	30	-0.078	-7.093E-03	30
-0.117	-7.093E-03	30	-0.117	-7.093E-03	30
-0.156	-7.093E-03	30	-0.156	-7.093E-03	30
-0.195	-7.093E-03	30	-0.195	-7.093E-03	30
-0.234	-7.093E-03	30	-0.234	-7.093E-03	30
-0.273	-7.093E-03	30	-0.273	-7.093E-03	30
-0.312	-7.093E-03	30	-0.312	-7.093E-03	30
-0.351	-7.093E-03	30	-0.351	-7.093E-03	30
-0.39	-7.093E-03	30	-0.39	-7.093E-03	30
-0.429	-7.093E-03	30	-0.429	-7.093E-03	30
-0.468	-7.093E-03	30	-0.468	-7.093E-03	30
-0.507	-7.093E-03	30	-0.507	-7.093E-03	30
-0.546	-7.093E-03	30	-0.546	-7.093E-03	30
-0.585	-7.093E-03	30	-0.585	-7.093E-03	30
-0.624	-7.093E-03	30	-0.624	-7.093E-03	30
-0.663	-7.093E-03	30	-0.663	-7.093E-03	30
-0.702	-7.093E-03	30	-0.702	-7.093E-03	30
-0.741	-7.093E-03	30	-0.741	-7.093E-03	30
-0.78	-7.093E-03	30	-0.78	-7.093E-03	30
-0.741	-7.093E-03	30	-0.741	-7.093E-03	30
-0.702	-7.093E-03	30	-0.702	-7.093E-03	30
-0.663	-7.093E-03	30	-0.663	-7.093E-03	30
-0.624	-7.093E-03	30	-0.624	-7.093E-03	30
-0.585	-7.093E-03	30	-0.585	-7.093E-03	30
-0.546	-7.093E-03	30	-0.546	-7.093E-03	30
-0.507	-7.093E-03	30	-0.507	-7.093E-03	30
-0.468	-7.093E-03	30	-0.468	-7.093E-03	30
-0.429	-7.093E-03	30	-0.429	-7.093E-03	30
-0.39	-7.093E-03	30	-0.39	-7.093E-03	30
-0.351	-7.093E-03	30	-0.351	-7.093E-03	30
-0.312	-7.093E-03	30	-0.312	-7.093E-03	30
-0.273	-7.093E-03	30	-0.273	-7.093E-03	30
-0.234	-7.093E-03	30	-0.234	-7.093E-03	30
-0.195	-7.093E-03	30	-0.195	-7.093E-03	30
-0.156	-7.093E-03	30	-0.156	-7.093E-03	30
-0.117	-7.093E-03	30	-0.117	-7.093E-03	30
-0.078	-7.093E-03	30	-0.078	-7.093E-03	30
-0.039	-7.093E-03	30	-0.039	-7.093E-03	30
0	-7.093E-03	30	0	-7.093E-03	30
0.039	-7.093E-03	30	0.039	-7.093E-03	30
0.078	-7.093E-03	30	0.078	-7.093E-03	30
0.117	-7.093E-03	30	0.117	-7.093E-03	30
0.156	-7.093E-03	30	0.156	-7.093E-03	30
0.195	-7.093E-03	30	0.195	-7.093E-03	30
0.234	-7.093E-03	30	0.234	-7.093E-03	30
0.273	-7.093E-03	30	0.273	-7.093E-03	30
0.312	-7.093E-03	30	0.312	-7.093E-03	30
0.351	-7.093E-03	30	0.351	-7.093E-03	30
0.39	-7.093E-03	30	0.39	-7.093E-03	30
0.429	-7.093E-03	30	0.429	-7.093E-03	30
0.468	-7.093E-03	30	0.468	-7.093E-03	30
0.507	-7.093E-03	30	0.507	-7.093E-03	30
0.546	-7.093E-03	30	0.546	-7.093E-03	30
0.585	-7.093E-03	30	0.585	-7.093E-03	30
0.624	-7.093E-03	30	0.624	-7.093E-03	30
0.663	-7.093E-03	30	0.663	-7.093E-03	30
0.702	-7.093E-03	30	0.702	-7.093E-03	30
0.741	-7.093E-03	30	0.741	-7.093E-03	30
0.78	-7.093E-03	30	0.78	-7.093E-03	30
0.741	-7.093E-03	30	0.741	-7.093E-03	30
0.702	-7.093E-03	30	0.702	-7.093E-03	30
0.663	-7.093E-03	30	0.663	-7.093E-03	30
0.624	-7.093E-03	30	0.624	-7.093E-03	30
0.585	-7.093E-03	30	0.585	-7.093E-03	30
0.546	-7.093E-03	30	0.546	-7.093E-03	30
0.507	-7.093E-03	30	0.507	-7.093E-03	30
0.468	-7.093E-03	30	0.468	-7.093E-03	30
0.429	-7.093E-03	30	0.429	-7.093E-03	30
0.39	-7.093E-03	30	0.39	-7.093E-03	30
0.351	-7.093E-03	30	0.351	-7.093E-03	30
0.312	-7.093E-03	30	0.312	-7.093E-03	30
0.273	-7.093E-03	30	0.273	-7.093E-03	30
0.234	-7.093E-03	30	0.234	-7.093E-03	30
0.195	-7.093E-03	30	0.195	-7.093E-03	30
0.156	-7.093E-03	30	0.156	-7.093E-03	30
0.117	-7.093E-03	30	0.117	-7.093E-03	30
0.078	-7.093E-03	30	0.078	-7.093E-03	30
0.039	-7.093E-03	30	0.039	-7.093E-03	30
0	-7.093E-03	30	0	-7.093E-03	30
-0.039	-7.093E-03	30	-0.039	-7.093E-03	30
-0.078	-7.093E-03	30	-0.078	-7.093E-03	30
-0.117	-7.093E-03	30	-0.117	-7.093E-03	30
-0.156	-7.093E-03	30	-0.156	-7.093E-03	30
-0.195	-7.093E-03	30	-0.195	-7.093E-03	30
-0.234	-7.093E-03	30	-0.234	-7.093E-03	30
-0.273	-7.093E-03	30	-0.273	-7.093E-03	30
-0.312	-7.093E-03	30	-0.312	-7.093E-03	30
-0.351	-7.093E-03	30	-0.351	-7.093E-03	30
-0.39	-7.093E-03	30	-0.39	-7.093E-03	30
-0.429	-7.093E-03	30	-0.429	-7.093E-03	30
-0.468	-7.093E-03	30	-0.468	-7.093E-03	30
-0.507	-7.093E-03	30	-0.507	-7.093E-03	30
-0.546	-7.093E-03	30	-0.546	-7.093E-03	30
-0.585	-7.093E-03	30	-0.585	-7.093E-03	30
-0.624	-7.093E-03	30	-0.624	-7.093E-03	30
-0.663	-7.093E-03	30	-0.663	-7.093E-03	30
-0.702	-7.093E-03	30	-0.702	-7.093E-03	30
-0.741	-7.093E-03	30	-0.741	-7.093E-03	30
-0.78	-7.093E-03	30	-0.78	-7.093E-03	30
-0.741	-7.093E-03	30	-0.741	-7.093E-03	30
-0.702	-7.093E-03	30	-0.702	-7.093E-03	30
-0.663	-7.093E-03	30	-0.663	-7.093E-03	30
-0.624	-7.093E-03	30	-0.624	-7.093E-03	30
-0.585	-7.093E-03	30	-0.585	-7.093E-03	30
-0.546	-7.093E-03	30	-0.546	-7.093E-03	30
-0.507	-7.093E-03	30	-0.507	-7.093E-03	30
-0.468	-7.093E-03	30	-0.468	-7.093E-03	30
-0.429	-7.093E-03	30	-0.429	-7.093E-03	30
-0.39	-7.093E-03	30	-0.39	-7.093E-03	30
-0.351	-7.093E-03	30	-0.351	-7.093E-03	30
-0.312	-7.093E-03	30	-0.312	-7.093E-03	30
-0.273	-7.093E-03	30	-0.273	-7.093E-03	30
-0.234	-7.093E-03	30	-0.234	-7.093E-03	30
-0.195	-7.093E-03	30	-0.195	-7.093E-03	30
-0.156	-7.093E-03	30	-0.156	-7.093E-03	30
-0.117	-7.093E-03	30	-0.117	-7.093E-03	30
-0.078	-7.093E-03	30	-0.078	-7.093E-03	30
-0.039	-7.093E-03	30	-0.039	-7.093E-03	30
0	-7.093E-03	30	0	-7.093E-03	30
0.039	-7.093E-03	30	0.039	-7.093E-03	30
0.078	-7.093E-03	30	0.078	-7.093E-03	30
0.117	-7.093E-03	30	0.117	-7.093E-03	30
0.156	-7.093E-03	30	0.156	-7.093E-03	30
0.195	-7.093E-03	30	0.195	-7.093E-03	30
0.234	-7.093E-03	30	0.234	-7.093E-03	30
0.273	-7.093E-03	30	0.273	-7.093E-03	30
0.312	-7.093E-03	30	0.312	-7.093E-03	30
0.351	-7.093E-03	30	0.351	-7.093E-03	30
0.39	-7.093E-03	30	0.39	-7.093E-03	30
0.429	-7.093E-03	30	0.429	-7.093E-03	30
0.468	-7.093E-03	30	0.468	-7.093E-03	30
0.507	-7.093E-03	30	0.507	-7.093E-03	30
0.546	-7.093E-03	30	0.546	-7.093E-03	30
0.585	-7.093E-03	30	0.585	-7.093E-03	30
0.624	-7.093E-03	30	0.624	-7.093E-03	30
0.663	-7.093E-03	30	0.663	-7.093E-03	30
0.702	-7.093E-03	30	0.702	-7.093E-03	30
0.741	-7.093E-03	30	0.741	-7.093E-03	30
0.78	-7.093E-03	30	0.78	-7.093E-03	30
0.741	-7.093E-03	30	0.741	-7.093E-03	30
0.702	-7.093E-03	30	0.702	-7.093E-03	30
0.663	-7.093E-03	30	0.663	-7.093E-03	30
0.624	-7.093E-03	30	0.624	-7.093E-03	30
0.585	-7.093E-03	30	0.585	-7.093E-03	30
0.546	-7.093E-03	30	0.546	-7.093E-03	30
0.507	-7.093E-03	30	0.507	-7.093E-03	30
0.468	-7.093E-03	30	0.468	-7.093E-03	30
0.429	-7.093E-03	30	0.429	-7.093E-03	30
0.39	-7.093E-03	30	0.39	-7.093E-03	30
0.351	-7.093E-03	30	0.351	-7.093E-03	30
0.312	-7.093E-03	30	0.312	-7.093E-03	30
0.273	-7.093E-03	30	0.273	-7.093E-03	30
0.234	-7.093E-03	30	0.234	-7.093E-03	30
0.195	-7.093E-03	30	0.195	-7.093E-03	30
0.156	-7.093E-03	30	0.156	-7.093E-03	30
0.117	-7.093E-03	30	0.117	-7.093E-03	30
0.078	-7.093E-03	30	0.078	-7.093E-03	30
0.039	-7.093E-03	30	0.039	-7.093E-03	30
0	-7.093E-03	30	0	-7.093E-03	30
-0.039	-7.093E-03	30	-0.039	-7.093E-03	30
-0.078	-7.093E-03	30	-0.078	-7.093E-03	30
-0.117	-7.093E-03	30	-0.117	-7.093E-03	30
-0.156	-7.093E-03	30	-0.156	-7.093E-03	30
-0.195	-7.093E-03	30	-0.195	-7.093E-03	30
-0.234	-7.093E-03	30	-0.234	-7.093E-03	30
-0.273	-7.093E-03	30	-0.273	-7.093E-03	30
-0.312	-7.093E-03	30	-0.312	-7.093E-03	30
-0.351	-7.093E-03	30	-0.351	-7.093E-03	30
-0.39	-7.093E-03	30	-0.39	-7.093E-03	30
-0.429	-7.093E-03	30	-0.429	-7.093E-03	30
-0.468	-7.093E-03	30	-0.468	-7.093E-03	30
-0.507	-7.093E-03	30	-0.507	-7.093E-03	30
-0.546	-7.093E-03	30	-0.546	-7.093E-03	30
-0.585	-7.093E-03	30	-0.585	-7.093E-03	30
-0.624	-7.093E-03	30	-0.624	-7.093E-03	30
-0.663	-7.093E-03	30	-0.663	-7.093E-03	30
-0.702	-7.093E-03	30	-0.702	-7.093E-03	30
-0.741	-7.093E-03	30	-0.741	-7.093E-03	30
-0.78	-7.093E-03	30	-0.78	-7.093E-03	30
-0.741	-7.093E-03	30	-0.741	-7.093E-03	30
-0.702	-7.093E-03	30	-0.702	-7.093E-03	30
-0.663	-7.093E-03	30	-0.663	-7.093E-03	30
-0.624	-7.093E-03	30	-0.624	-7.093E-03	30
-0.585	-7.093E-03	30	-0.585	-7.093E-03	30
-0.546	-7.093E-03	30	-0.546	-7.093E-03	30
-0.507	-7.093E-03	30	-0.507	-7.093E-03	30
-0.468	-7.093E-03	30	-0.468	-7.093E-03	30
-0.429	-7.093E-03	30	-0.429	-7.093E-03	30
-0.39	-7.093E-03	30	-0.39	-7.093E-03	30
-0.351	-7.093E-03	30	-0.351	-7.093E-03	30
-0.312	-7.093E-03	30	-0.312	-7.093E-03	30
-0.273	-7.093E-03	30	-0.273	-7.093E-03	30
-0.234	-7.093E-03	30	-0.234	-7.093E-03	30
-0.195	-7.093E-03	30	-0.195	-7.093E-03	30
-0.156	-7.093E-03	30	-0.156	-7.093E-03	30
-0.117	-7.093E-03	30	-0.117	-7.093E-03	30
-0.078	-7.093E-03	30	-0.078	-7.093E-03	30
-0.039	-7.093E-03	30	-0.039	-7.093E-03	30
0	-7.093E-03	30	0	-7.093E-03	30
0.0585	-7.093E-03	30	0.0585	-7.093E-03	30
0.117	-7.093E-03	30	0.117	-7.093E-03	30
0.1755	-7.093E-03	30	0.1755	-7.093E-03	30
0.234	-7.093E-03	30	0.234	-7.093E-03	30
0.2925	-7.093E-03	30	0.2925	-7.093E-03	30
0.351	-7.093E-03	30	0.351	-7.093E-03	30
0.4095	-7.093E-03	30	0.4095	-7.093E-03	30
0.468	-7.093E-03	30	0.468	-7.093E-03	30
0.5265	-7.093E-03	30	0.5265	-7.093E-03	30
0.585	-7.093E-03	30	0.585	-7.093E-03	30
0.6435	-7.093E-03	30	0.6435	-7.093E-03	30
0.702	-7.093E-03	30	0.702	-7.093E-03	30
0.7605	-7.093E-03	30	0.7605	-7.093E-03	30
0.819	-7.412E-03	30	0.819	-7.412E-03	30
0.8775	-7.885E-03	30	0.8775	-7.885E-03	30
0.936	-8.350E-03	30	0.936	-8.350E-03	30
0.9945	-8.807E-03	30	0.9945	-8.807E-03	30
1.053	-9.257E-03	30	1.053	-9.257E-03	30
1.1115	-9.699E-03	30	1.1115	-9.699E-03	30
1.17	-1.013E-02	30	1.17	-1.013E-02	30
1.1115	-1.013E-02	30	1.1115	-1.013E-02	30
1.053	-1.013E-02	30	1.053	-1.013E-02	30
0.9945	-1.013E-02	30	0.9945	-1.013E-02	30
0.936	-1.013E-02	30	0.936	-1.013E-02	30
0.8775	-1.013E-02	30	0.8775	-1.013E-02	30
0.819	-1.013E-02	30	0.819	-1.013E-02	30
0.7605	-1.013E-02	30	0.7605	-1.013E-02	30
0.702	-1.013E-02	30	0.702	-1.013E-02	30
0.6435	-1.013E-02	30	0.6435	-1.013E-02	30
0.585	-1.013E-02	30	0.585	-1.013E-02	30
0.5265	-1.013E-02	30	0.5265	-1.013E-02	30
0.468	-1.013E-02	30	0.468	-1.013E-02	30
0.4095	-1.013E-02	30	0.4095	-1.013E-02	30
0.351	-1.013E-02	30	0.351	-1.013E-02	30
0.2925	-1.013E-02	30	0.2925	-1.013E-02	30
0.234	-1.013E-02	30	0.234	-1.013E-02	30
0.1755	-1.013E-02	30	0.1755	-1.013E-02	30
0.117	-1.013E-02	30	0.117	-1.013E-02	30
0.0585	-1.013E-02	30	0.0585	-1.013E-02	30
0	-1.013E-02	30	0	-1.013E-02	30
-0.0585	-1.013E-02	30	-0.0585	-1.013E-02	30
-0.117	-1.013E-02	30	-0.117	-1.013E-02	30
-0.1755	-1.013E-02	30	-0.1755	-1.013E-02	30
-0.234	-1.013E-02	30	-0.234	-1.013E-02	30
-0.2925	-1.013E-02	30	-0.2925	-1.013E-02	30
-0.351	-1.013E-02	30	-0.351	-1.013E-02	30
-0.4095	-1.013E-02	30	-0.4095	-1.013E-02	30
-0.468	-1.013E-02	30	-0.468	-1.013E-02	30
-0.5265	-1.013E-02	30	-0.5265	-1.013E-02	30
-0.585	-1.013E-02	30	-0.585	-1.013E-02	30
-0.6435	-1.013E-02	30	-0.6435	-1.013E-02	30
-0.702	-1.013E-02	30	-0.702	-1.013E-02	30
-0.7605	-1.013E-02	30	-0.7605	-1.013E-02	30
-0.819	-1.013E-02	30	-0.819	-1.013E-02	30
-0.8775	-1.013E-02	30	-0.8775	-1.013E-02	30
-0.936	-1.013E-02	30	-0.936	-1.013E-02	30
-0.9945	-1.013E-02	30	-0.9945	-1.013E-02	30
-1.053	-1.013E-02	30	-1.053	-1.013E-02	30
-1.1115	-1.013E-02	30	-1.1115	-1.013E-02	30
-1.17	-1.013E-02	30	-1.17	-1.013E-02	30
-1.1115	-1.013E-02	30	-1.1115	-1.013E-02	30
-1.053	-1.013E-02	30	-1.053	-1.013E-02	30
-0.9945	-1.013E-02	30	-0.9945	-1.013E-02	30
-0.936	-1.013E-02	30	-0.936	-1.013E-02	30
-0.8775	-1.013E-02	30	-0.8775	-1.013E-02	30
-0.819	-1.013E-02	30	-0.819	-1.013E-02	30
-0.7605	-1.013E-02	30	-0.7605	-1.013E-02	30
-0.702	-1.013E-02	30	-0.702	-1.013E-02	30
-0.6435	-1.013E-02	30	-0.6435	-1.013E-02	30
-0.585	-1.013E-02	30	-0.585	-1.013E-02	30
-0.5265	-1.013E-02	30	-0.5265	-1.013E-02	30
-0.468	-1.013E-02	30	-0.468	-1.013E-02	30
-0.4095	-1.013E-02	30	-0.4095	-1.013E-02	30
-0.351	-1.013E-02	30	-0.351	-1.013E-02	30
-0.2925	-1.013E-02	30	-0.2925	-1.013E-02	30
-0.234	-1.013E-02	30	-0.234	-1.013E-02	30
-0.1755	-1.013E-02	30	-0.1755	-1.013E-02	30
-0.117	-1.013E-02	30	-0.117	-1.013E-02	30
-0.0585	-1.013E-02	30	-0.0585	-1.013E-02	30
0	-1.013E-02	30	0	-1.013E-02	30
0.0585	-1.013E-02	30	0.0585	-1.013E-02	30
0.117	-1.013E-02	30	0.117	-1.013E-02	30
0.1755	-1.013E-02	30	0.1755	-1.013E-02	30
0.234	-1.013E-02	30	0.234	-1.013E-02	30
0.2925	-1.013E-02	30	0.2925	-1.013E-02	30
0.351	-1.013E-02	30	0.351	-1.013E-02	30
0.4095	-1.013E-02	30	0.4095	-1.013E-02	30
0.468	-1.013E-02	30	0.468	-1.013E-02	30
0.5265	-1.013E-02	30	0.5265	-1.013E-02	30
0.585	-1.013E-02	30	0.585	-1.013E-02	30
0.6435	-1.013E-02	30	0.6435	-1.013E-02	30
0.702	-1.013E-02	30	0.702	-1.013E-02	30
0.7605	-1.013E-02	30	0.7605	-1.013E-02	30
0.819	-1.013E-02	30	0.819	-1.013E-02	30
0.8775	-1.013E-02	30	0.8775	-1.013E-02	30
0.936	-1.013E-02	30	0.936	-1.013E-02	30
0.9945	-1.013E-02	30	0.9945	-1.013E-02	30
1.053	-1.013E-02	30	1.053	-1.013E-02	30
1.1115	-1.013E-02	30	1.1115	-1.013E-02	30
1.17	-1.013E-02	30	1.17	-1.013E-02	30
1.1115	-1.013E-02	30	1.1115	-1.013E-02	30
1.053	-1.013E-02	30	1.053	-1.013E-02	30
0.9945	-1.013E-02	30	0.9945	-1.013E-02	30
0.936	-1.013E-02	30	0.936	-1.013E-02	30
0.8775	-1.013E-02	30	0.8775	-1.013E-02	30
0.819	-1.013E-02	30	0.819	-1.013E-02	30
0.7605	-1.013E-02	30	0.7605	-1.013E-02	30
0.702	-1.013E-02	30	0.702	-1.013E-02	30
0.6435	-1.013E-02	30	0.6435	-1.013E-02	30
0.585	-1.013E-02	30	0.585	-1.013E-02	30
0.5265	-1.013E-02	30	0.5265	-1.013E-02	30
0.468	-1.013E-02	30	0.468	-1.013E-02	30
0.4095	-1.013E-02	30	0.4095	-1.013E-02	30
0.351	-1.013E-02	30	0.351	-1.013E-02	30
0.2925	-1.013E-02	30	0.2925	-1.013E-02	30
0.234	-1.013E-02	30	0.234	-1.013E-02	30
0.1755	-1.013E-02	30	0.1755	-1.013E-02	30
0.117	-1.013E-02	30	0.117	-1.013E-02	30
0.0585	-1.013E-02	30	0.0585	-1.013E-02	30
0	-1.013E-02	30	0	-1.013E-02	30
-0.0585	-1.013E-02	30	-0.0585	-1.013E-02	30
-0.117	-1.013E-02	30	-0.117	-1.013E-02	30
-0.1755	-1.013E-02	30	-0.1755	-1.013E-02	30
-0.234	-1.013E-02	30	-0.234	-1.013E-02	30
-0.2925	-1.013E-02	30	-0.2925	-1.013E-02	30
-0.351	-1.013E-02	30	-0.351	-1.013E-02	30
-0.4095	-1.013E-02	30	-0.4095	-1.013E-02	30
-0.468	-1.013E-02	30	-0.468	-1.013E-02	30
-0.5265	-1.013E-02	30	-0.5265	-1.013E-02	30
-0.585	-1.013E-02	30	-0.585	-1.013E-02	30
-0.6435	-1.013E-02	30	-0.6435	-1.013E-02	30
-0.702	-1.013E-02	30	-0.702	-1.013E-02	30
-0.7605	-1.013E-02	30	-0.7605	-1.013E-02	30
-0.819	-1.013E-02	30	-0.819	-1.013E-02	30
-0.8775	-1.013E-02	30	-0.8775	-1.013E-02	30
-0.936	-1.013E-02	30	-0.936	-1.013E-02	30
-0.9945	-1.013E-02	30	-0.9945	-1.013E-02	30
-1.053	-1.013E-02	30	-1.053	-1.013E-02	30
-1.1115	-1.013E-02	30	-1.1115	-1.013E-02	30
-1.17	-1.013E-02	30	-1.17	-1.013E-02	30
-1.1115	-1.013E-02	30	-1.1115	-1.013E-02	30
-1.053	-1.013E-02	30	-1.053	-1.013E-02	30
-0.9945	-1.013E-02	30	-0.9945	-1.013E-02	30
-0.936	-1.013E-02	30	-0.936	-1.013E-02	30
-0.8775	-1.013E-02	30	-0.8775	-1.013E-02	30
-0.819	-1.013E-02	30	-0.819	-1.013E-02	30
-0.7605	-1.013E-02	30	-0.7605	-1.013E-02	30
-0.702	-1.013E-02	30	-0.702	-1.013E-02	30
-0.6435	-1.013E-02	30	-0.6435	-1.013E-02	30
-0.585	-1.013E-02	30	-0.585	-1.013E-02	30
-0.5265	-1.013E-02	30	-0.5265	-1.013E-02	30
-0.468	-1.013E-02	30	-0.468	-1.013E-02	30
-0.4095	-1.013E-02	30	-0.4095	-1.013E-02	30
-0.351	-1.013E-02	30	-0.351	-1.013E-02	30
-0.2925	-1.013E-02	30	-0.2925	-1.013E-02	30
-0.234	-1.013E-02	30	-0.234	-1.013E-02	30
-0.1755	-1.013E-02	30	-0.1755	-1.013E-02	30
-0.117	-1.013E-02	30	-0.117	-1.013E-02	30
-0.0585	-1.013E-02	30	-0.0585	-1.013E-02	30
0	-1.013E-02	30	0	-1.013E-02	30
0.0585	-1.013E-02	30	0.0585	-1.013E-02	30
0.117	-1.013E-02	30	0.117	-1.013E-02	30
0.1755	-1.013E-02	30	0.1755	-1.013E-02	30
0.234	-1.013E-02	30	0.234	-1.013E-02	30
0.2925	-1.013E-02	30	0.2925	-1.013E-02	30
0.351	-1.013E-02	30	0.351	-1.013E-02	30
0.4095	-1.013E-02	30	0.4095	-1.013E-02	30
0.468	-1.013E-02	30	0.468	-1.013E-02	30
0.5265	-1.013E-02	30	0.5265	-1.013E-02	30
0.585	-1.013E-02	30	0.585	-1.013E-02	30
0.6435	-1.013E-02	30	0.6435	-1.013E-02	30
0.702	-1.013E-02	30	0.702	-1.013E-02	30
0.7605	-1.013E-02	30	0.7605	-1.013E-02	30
0.819	-1.013E-02	30	0.819	-1.013E-02	30
0.8775	-1.013E-02	30	0.8775	-1.013E-02	30
0.936	-1.013E-02	30	0.936	-1.013E-02	30
0.9945	-1.013E-02	30	0.9945	-1.013E-02	30
1.053	-1.013E-02	30	1.053	-1.013E-02	30
1.1115	-1.013E-02	30	1.1115	-1.013E-02	30
1.17	-1.013E-02	30	1.17	-1.013E-02	30
1.1115	-1.013E-02	30	1.1115	-1.013E-02	30
1.053	-1.013E-02	30	1.053	-1.013E-02	30
0.9945	-1.013E-02	30	0.9945	-1.013E-02	30
0.936	-1.013E-02	30	0.936	-1.013E-02	30
0.8775	-1.013E-02	30	0.8775	-1.013E-02	30
0.819	-1.013E-02	30	0.819	-1.013E-02	30
0.7605	-1.013E-02	30	0.7605	-1.013E-02	30
0.702	-1.013E-02	30	0.702	-1.013E-02	30
0.6435	-1.013E-02	30	0.6435	-1.013E-02	30
0.585	-1.013E-02	30	0.585	-1.013E-02	30
0.5265	-1.013E-02	30	0.5265	-1.013E-02	30
0.468	-1.013E-02	30	0.468	-1.013E-02	30
0.4095	-1.013E-02	30	0.4095	-1.013E-02	30
0.351	-1.013E-02	30	0.351	-1.013E-02	30
0.2925	-1.013E-02	30	0.2925	-1.013E-02	30
0.234	-1.013E-02	30	0.234	-1.013E-02	30
0.1755	-1.013E-02	30	0.1755	-1.013E-02	30
0.117	-1.013E-02	30	0.117	-1.013E-02	30
0.0585	-1.013E-02	30	0.0585	-1.013E-02	30
0	-1.013E-02	30	0	-1.013E-02	30
-0.0585	-1.013E-02	30	-0.0585	-1.013E-02	30
-0.117	-1.013E-02	30	-0.117	-1.013E-02	30
-0.1755	-1.013E-02	30	-0.1755	-1.013E-02	30
-0.234	-1.013E-02	30	-0.234	-1.013E-02	30
-0.2925	-1.013E-02	30	-0.2925	-1.013E-02	30
-0.351	-1.013E-02	30	-0.351	-1.013E-02	30
-0.4095	-1.013E-02	30	-0.4095	-1.013E-02	30
-0.468	-1.013E-02	30	-0.468	-1.013E-02	30
-0.5265	-1.013E-02	30	-0.5265	-1.013E-02	30
-0.585	-1.013E-02	30	-0.585	-1.013E-02	30
-0.6435	-1.013E-02	30	-0.6435	-1.013E-02	30
-0.702	-1.013E-02	30	-0.702	-1.013E-02	30
-0.7605	-1.013E-02	30	-0.7605	-1.013E-02	30
-0.819	-1.013E-02	30	-0.819	-1.013E-02	30
-0.8775	-1.013E-02	30	-0.8775	-1.013E-02	30
-0.936	-1.013E-02	30	-0.936	-1.013E-02	30
-0.9945	-1.013E-02	30	-0.9945	-1.013E-02	30
-1.053	-1.013E-02	30	-1.053	-1.013E-02	30
-1.1115	-1.013E-02	30	-1.1115	-1.013E-02	30
-1.17	-1.013E-02	30	-1.17	-1.013E-02	30
-1.1115	-1.013E-02	30	-1.1115	-1.013E-02	30
-1.053	-1.013E-02	30	-1.053	-1.013E-02	30
-0.9945	-1.013E-02	30	-0.9945	-1.013E-02	30
-0.936	-1.013E-02	30	-0.936	-1.013E-02	30
-0.8775	-1.013E-02	30	-0.8775	-1.013E-02	30
-0.819	-1.013E-02	30	-0.819	-1.013E-02	30
-0.7605	-1.013E-02	30	-0.7605	-1.013E-02	30
-0.702	-1.013E-02	30	-0.702	-1.013E-02	30
-0.6435	-1.013E-02	30	-0.6435	-1.013E-02	30
-0.585	-1.013E-02	30	-0.585	-1.013E-02	30
-0.5265	-1.013E-02	30	-0.5265	-1.013E-02	30
-0.468	-1.013E-02	30	-0.468	-1.013E-02	30
-0.4095	-1.013E-02	30	-0.4095	-1.013E-02	30
-0.351	-1.013E-02	30	-0.351	-1.013E-02	30
-0.2925	-1.013E-02	30	-0.2925	-1.013E-02	30
-0.234	-1.013E-02	30	-0.234	-1.013E-02	30
-0.1755	-1.013E-02	30	-0.1755	-1.013E-02	30
-0.117	-1.013E-02	30	-0.117	-1.013E-02	30
-0.0585	-1.013E-02	30	-0.0585	-1.013E-02	30
0	-1.013E-02	30	0	-1.013E-02	30
0.078	-1.013E-02	30	0.078	-1.013E-02	30
0.156	-1.013E-02	30	0.156	-1.013E-02	30
0.234	-1.013E-02	30	0.234	-1.013E-02	30
0.312	-1.013E-02	30	0.312	-1.013E-02	30
0.39	-1.013E-02	30	0.39	-1.013E-02	30
0.468	-1.013E-02	30	0.468	-1.013E-02	30
0.546	-1.013E-02	30	0.546	-1.013E-02	30
0.624	-1.013E-02	30	0.624	-1.013E-02	30
0.702	-1.013E-02	30	0.702	-1.013E-02	30
0.78	-1.013E-02	30	0.78	-1.013E-02	30
0.858	-1.013E-02	30	0.858	-1.013E-02	30
0.936	-1.013E-02	30	0.936	-1.013E-02	30
1.014	-1.013E-02	30	1.014	-1.013E-02	30
1.092	-1.013E-02	30	1.092	-1.013E-02	30
1.17	-1.013E-02	30	1.17	-1.013E-02	30
1.248	-1.070E-02	30	1.248	-1.070E-02	30
1.326	-1.126E-02	30	1.326	-1.126E-02	30
1.404	-1.180E-02	30	1.404	-1.180E-02	30
1.482	-1.232E-02	30	1.482	-1.232E-02	30
1.56	-1.284E-02	30	1.56	-1.284E-02	30
1.482	-1.284E-02	30	1.482	-1.284E-02	30
1.404	-1.284E-02	30	1.404	-1.284E-02	30
1.326	-1.284E-02	30	1.326	-1.284E-02	30
1.248	-1.284E-02	30	1.248	-1.284E-02	30
1.17	-1.284E-02	30	1.17	-1.284E-02	30
1.092	-1.284E-02	30	1.092	-1.284E-02	30
1.014	-1.284E-02	30	1.014	-1.284E-02	30
0.936	-1.284E-02	30	0.936	-1.284E-02	30
0.858	-1.284E-02	30	0.858	-1.284E-02	30
0.78	-1.284E-02	30	0.78	-1.284E-02	30
0.702	-1.284E-02	30	0.702	-1.284E-02	30
0.624	-1.284E-02	30	0.624	-1.284E-02	30
0.546	-1.284E-02	30	0.546	-1.284E-02	30
0.468	-1.284E-02	30	0.468	-1.284E-02	30
0.39	-1.284E-02	30	0.39	-1.284E-02	30
0.312	-1.284E-02	30	0.312	-1.284E-02	30
0.234	-1.284E-02	30	0.234	-1.284E-02	30
0.156	-1.284E-02	30	0.156	-1.284E-02	30
0.078	-1.284E-02	30	0.078	-1.284E-02	30
0	-1.284E-02	30	0	-1.284E-02	30
-0.078	-1.284E-02	30	-0.078	-1.284E-02	30
-0.156	-1.284E-02	30	-0.156	-1.284E-02	30
-0.234	-1.284E-02	30	-0.234	-1.284E-02	30
-0.312	-1.284E-02	30	-0.312	-1.284E-02	30
-0.39	-1.284E-02	30	-0.39	-1.284E-02	30
-0.468	-1.284E-02	30	-0.468	-1.284E-02	30
-0.546	-1.284E-02	30	-0.546	-1.284E-02	30
-0.624	-1.284E-02	30	-0.624	-1.284E-02	30
-0.702	-1.284E-02	30	-0.702	-1.284E-02	30
-0.78	-1.284E-02	30	-0.78	-1.284E-02	30
-0.858	-1.284E-02	30	-0.858	-1.284E-02	30
-0.936	-1.284E-02	30	-0.936	-1.284E-02	30
-1.014	-1.284E-02	30	-1.014	-1.284E-02	30
-1.092	-1.284E-02	30	-1.092	-1.284E-02	30
-1.17	-1.284E-02	30	-1.17	-1.284E-02	30
-1.248	-1.284E-02	30	-1.248	-1.284E-02	30
-1.326	-1.284E-02	30	-1.326	-1.284E-02	30
-1.404	-1.284E-02	30	-1.404	-1.284E-02	30
-1.482	-1.284E-02	30	-1.482	-1.284E-02	30
-1.56	-1.284E-02	30	-1.56	-1.284E-02	30
-1.482	-1.284E-02	30	-1.482	-1.284E-02	30
-1.404	-1.284E-02	30	-1.404	-1.284E-02	30
-1.326	-1.284E-02	30	-1.326	-1.284E-02	30
-1.248	-1.284E-02	30	-1.248	-1.284E-02	30
-1.17	-1.284E-02	30	-1.17	-1.284E-02	30
-1.092	-1.284E-02	30	-1.092	-1.284E-02	30
-1.014	-1.284E-02	30	-1.014	-1.284E-02	30
-0.936	-1.284E-02	30	-0.936	-1.284E-02	30
-0.858	-1.284E-02	30	-0.858	-1.284E-02	30
-0.78	-1.284E-02	30	-0.78	-1.284E-02	30
-0.702	-1.284E-02	30	-0.702	-1.284E-02	30
-0.624	-1.284E-02	30	-0.624	-1.284E-02	30
-0.546	-1.284E-02	30	-0.546	-1.284E-02	30
-0.468	-1.284E-02	30	-0.468	-1.284E-02	30
-0.39	-1.284E-02	30	-0.39	-1.284E-02	30
-0.312	-1.284E-02	30	-0.312	-1.284E-02	30
-0.234	-1.284E-02	30	-0.234	-1.284E-02	30
-0.156	-1.284E-02	30	-0.156	-1.284E-02	30
-0.078	-1.284E-02	30	-0.078	-1.284E-02	30
0	-1.284E-02	30	0	-1.284E-02	30
0.078	-1.284E-02	30	0.078	-1.284E-02	30
0.156	-1.284E-02	30	0.156	-1.284E-02	30
0.234	-1.284E-02	30	0.234	-1.284E-02	30
0.312	-1.284E-02	30	0.312	-1.284E-02	30
0.39	-1.284E-02	30	0.39	-1.284E-02	30
0.468	-1.284E-02	30	0.468	-1.284E-02	30
0.546	-1.284E-02	30	0.546	-1.284E-02	30
0.624	-1.284E-02	30	0.624	-1.284E-02	30
0.702	-1.284E-02	30	0.702	-1.284E-02	30
0.78	-1.284E-02	30	0.78	-1.284E-02	30
0.858	-1.284E-02	30	0.858	-1.284E-02	30
0.936	-1.284E-02	30	0.936	-1.284E-02	30
1.014	-1.284E-02	30	1.014	-1.284E-02	30
1.092	-1.284E-02	30	1.092	-1.284E-02	30
1.17	-1.284E-02	30	1.17	-1.284E-02	30
1.248	-1.284E-02	30	1.248	-1.284E-02	30
1.326	-1.284E-02	30	1.326	-1.284E-02	30
1.404	-1.284E-02	30	1.404	-1.284E-02	30
1.482	-1.284E-02	30	1.482	-1.284E-02	30
1.56	-1.284E-02	30	1.56	-1.284E-02	30
1.482	-1.284E-02	30	1.482	-1.284E-02	30
1.404	-1.284E-02	30	1.404	-1.284E-02	30
1.326	-1.284E-02	30	1.326	-1.284E-02	30
1.248	-1.284E-02	30	1.248	-1.284E-02	30
1.17	-1.284E-02	30	1.17	-1.284E-02	30
1.092	-1.284E-02	30	1.092	-1.284E-02	30
1.014	-1.284E-02	30	1.014	-1.284E-02	30
0.936	-1.284E-02	30	0.936	-1.284E-02	30
0.858	-1.284E-02	30	0.858	-1.284E-02	30
0.78	-1.284E-02	30	0.78	-1.284E-02	30
0.702	-1.284E-02	30	0.702	-1.284E-02	30
0.624	-1.284E-02	30	0.624	-1.284E-02	30
0.546	-1.284E-02	30	0.546	-1.284E-02	30
0.468	-1.284E-02	30	0.468	-1.284E-02	30
0.39	-1.284E-02	30	0.39	-1.284E-02	30
0.312	-1.284E-02	30	0.312	-1.284E-02	30
0.234	-1.284E-02	30	0.234	-1.284E-02	30
0.156	-1.284E-02	30	0.156	-1.284E-02	30
0.078	-1.284E-02	30	0.078	-1.284E-02	30
0	-1.284E-02	30	0	-1.284E-02	30
-0.078	-1.284E-02	30	-0.078	-1.284E-02	30
-0.156	-1.284E-02	30	-0.156	-1.284E-02	30
-0.234	-1.284E-02	30	-0.234	-1.284E-02	30
-0.312	-1.284E-02	30	-0.312	-1.284E-02	30
-0.39	-1.284E-02	30	-0.39	-1.284E-02	30
-0.468	-1.284E-02	30	-0.468	-1.284E-02	30
-0.546	-1.284E-02	30	-0.546	-1.284E-02	30
-0.624	-1.284E-02	30	-0.624	-1.284E-02	30
-0.702	-1.284E-02	30	-0.702	-1.284E-02	30
-0.78	-1.284E-02	30	-0.78	-1.284E-02	30
-0.858	-1.284E-02	30	-0.858	-1.284E-02	30
-0.936	-1.284E-02	30	-0.936	-1.284E-02	30
-1.014	-1.284E-02	30	-1.014	-1.284E-02	30
-1.092	-1.284E-02	30	-1.092	-1.284E-02	30
-1.17	-1.284E-02	30	-1.17	-1.284E-02	30
-1.248	-1.284E-02	30	-1.248	-1.284E-02	30
-1.326	-1.284E-02	30	-1.326	-1.284E-02	30
-1.404	-1.284E-02	30	-1.404	-1.284E-02	30
-1.482	-1.284E-02	30	-1.482	-1.284E-02	30
-1.56	-1.284E-02	30	-1.56	-1.284E-02	30
-1.482	-1.284E-02	30	-1.482	-1.284E-02	30
-1.404	-1.284E-02	30	-1.404	-1.284E-02	30
-1.326	-1.284E-02	30	-1.326	-1.284E-02	30
-1.248	-1.284E-02	30	-1.248	-1.284E-02	30
-1.17	-1.284E-02	30	-1.17	-1.284E-02	30
-1.092	-1.284E-02	30	-1.092	-1.284E-02	30
-1.014	-1.284E-02	30	-1.014	-1.284E-02	30
-0.936	-1.284E-02	30	-0.936	-1.284E-02	30
-0.858	-1.284E-02	30	-0.858	-1.284E-02	30
-0.78	-1.284E-02	30	-0.78	-1.284E-02	30
-0.702	-1.284E-02	30	-0.702	-1.284E-02	30
-0.624	-1.284E-02	30	-0.624	-1.284E-02	30
-0.546	-1.284E-02	30	-0.546	-1.284E-02	30
-0.468	-1.284E-02	30	-0.468	-1.284E-02	30
-0.39	-1.284E-02	30	-0.39	-1.284E-02	30
-0.312	-1.284E-02	30	-0.312	-1.284E-02	30
-0.234	-1.284E-02	30	-0.234	-1.284E-02	30
-0.156	-1.284E-02	30	-0.156	-1.284E-02	30
-0.078	-1.284E-02	30	-0.078	-1.284E-02	30
0	-1.284E-02	30	0	-1.284E-02	30
0.117	-1.284E-02	30	0.117	-1.284E-02	30
0.234	-1.284E-02	30	0.234	-1.284E-02	30
0.351	-1.284E-02	30	0.351	-1.284E-02	30
0.468	-1.284E-02	30	0.468	-1.284E-02	30
0.585	-1.284E-02	30	0.585	-1.284E-02	30
0.702	-1.284E-02	30	0.702	-1.284E-02	30
0.819	-1.284E-02	30	0.819	-1.284E-02	30
0.936	-1.284E-02	30	0.936	-1.284E-02	30
1.053	-1.284E-02	30	1.053	-1.284E-02	30
1.17	-1.284E-02	30	1.17	-1.284E-02	30
1.287	-1.284E-02	30	1.287	-1.284E-02	30
1.404	-1.284E-02	30	1.404	-1.284E-02	30
1.521	-1.284E-02	30	1.521	-1.284E-02	30
1.638	-1.334E-02	30	1.638	-1.334E-02	30
1.755	-1.406E-02	30	1.755	-1.406E-02	30
1.872	-1.476E-02	30	1.872	-1.476E-02	30
1.989	-1.542E-02	30	1.989	-1.542E-02	30
2.106	-1.606E-02	30	2.106	-1.606E-02	30
2.223	-1.666E-02	30	2.223	-1.666E-02	30
2.34	-1.724E-02	30	2.34	-1.724E-02	30
2.223	-1.724E-02	30	2.223	-1.724E-02	30
2.106	-1.724E-02	30	2.106	-1.724E-02	30
1.989	-1.724E-02	30	1.989	-1.724E-02	30
1.872	-1.724E-02	30	1.872	-1.724E-02	30
1.755	-1.724E-02	30	1.755	-1.724E-02	30
1.638	-1.724E-02	30	1.638	-1.724E-02	30
1.521	-1.724E-02	30	1.521	-1.724E-02	30
1.404	-1.724E-02	30	1.404	-1.724E-02	30
1.287	-1.724E-02	30	1.287	-1.724E-02	30
1.17	-1.724E-02	30	1.17	-1.724E-02	30
1.053	-1.724E-02	30	1.053	-1.724E-02	30
0.936	-1.724E-02	30	0.936	-1.724E-02	30
0.819	-1.724E-02	30	0.819	-1.724E-02	30
0.702	-1.724E-02	30	0.702	-1.724E-02	30
0.585	-1.724E-02	30	0.585	-1.724E-02	30
0.468	-1.724E-02	30	0.468	-1.724E-02	30
0.351	-1.724E-02	30	0.351	-1.724E-02	30
0.234	-1.724E-02	30	0.234	-1.724E-02	30
0.117	-1.724E-02	30	0.117	-1.724E-02	30
0	-1.724E-02	30	0	-1.724E-02	30
-0.117	-1.724E-02	30	-0.117	-1.724E-02	30
-0.234	-1.724E-02	30	-0.234	-1.724E-02	30
-0.351	-1.724E-02	30	-0.351	-1.724E-02	30
-0.468	-1.724E-02	30	-0.468	-1.724E-02	30
-0.585	-1.724E-02	30	-0.585	-1.724E-02	30
-0.702	-1.724E-02	30	-0.702	-1.724E-02	30
-0.819	-1.724E-02	30	-0.819	-1.724E-02	30
-0.936	-1.724E-02	30	-0.936	-1.724E-02	30
-1.053	-1.724E-02	30	-1.053	-1.724E-02	30
-1.17	-1.724E-02	30	-1.17	-1.724E-02	30
-1.287	-1.724E-02	30	-1.287	-1.724E-02	30
-1.404	-1.724E-02	30	-1.404	-1.724E-02	30
-1.521	-1.724E-02	30	-1.521	-1.724E-02	30
-1.638	-1.724E-02	30	-1.638	-1.724E-02	30
-1.755	-1.724E-02	30	-1.755	-1.724E-02	30
-1.872	-1.724E-02	30	-1.872	-1.724E-02	30
-1.989	-1.724E-02	30	-1.989	-1.724E-02	30
-2.106	-1.724E-02	30	-2.106	-1.724E-02	30
-2.223	-1.724E-02	30	-2.223	-1.724E-02	30
-2.34	-1.724E-02	30	-2.34	-1.724E-02	30
-2.223	-1.724E-02	30	-2.223	-1.724E-02	30
-2.106	-1.724E-02	30	-2.106	-1.724E-02	30
-1.989	-1.724E-02	30	-1.989	-1.724E-02	30
-1.872	-1.724E-02	30	-1.872	-1.724E-02	30
-1.755	-1.724E-02	30	-1.755	-1.724E-02	30
-1.638	-1.724E-02	30	-1.638	-1.724E-02	30
-1.521	-1.724E-02	30	-1.521	-1.724E-02	30
-1.404	-1.724E-02	30	-1.404	-1.724E-02	30
-1.287	-1.724E-02	30	-1.287	-1.724E-02	30
-1.17	-1.724E-02	30	-1.17	-1.724E-02	30
-1.053	-1.724E-02	30	-1.053	-1.724E-02	30
-0.936	-1.724E-02	30	-0.936	-1.724E-02	30
-0.819	-1.724E-02	30	-0.819	-1.724E-02	30
-0.702	-1.724E-02	30	-0.702	-1.724E-02	30
-0.585	-1.724E-02	30	-0.585	-1.724E-02	30
-0.468	-1.724E-02	30	-0.468	-1.724E-02	30
-0.351	-1.724E-02	30	-0.351	-1.724E-02	30
-0.234	-1.724E-02	30	-0.234	-1.724E-02	30
-0.117	-1.724E-02	30	-0.117	-1.724E-02	30
0	-1.724E-02	30	0	-1.724E-02	30
0.117	-1.724E-02	30	0.117	-1.724E-02	30
0.234	-1.724E-02	30	0.234	-1.724E-02	30
0.351	-1.724E-02	30	0.351	-1.724E-02	30
0.468	-1.724E-02	30	0.468	-1.724E-02	30
0.585	-1.724E-02	30	0.585	-1.724E-02	30
0.702	-1.724E-02	30	0.702	-1.724E-02	30
0.819	-1.724E-02	30	0.819	-1.724E-02	30
0.936	-1.724E-02	30	0.936	-1.724E-02	30
1.053	-1.724E-02	30	1.053	-1.724E-02	30
1.17	-1.724E-02	30	1.17	-1.724E-02	30
1.287	-1.724E-02	30	1.287	-1.724E-02	30
1.404	-1.724E-02	30	1.404	-1.724E-02	30
1.521	-1.724E-02	30	1.521	-1.724E-02	30
1.638	-1.724E-02	30	1.638	-1.724E-02	30
1.755	-1.724E-02	30	1.755	-1.724E-02	30
1.872	-1.724E-02	30	1.872	-1.724E-02	30
1.989	-1.724E-02	30	1.989	-1.724E-02	30
2.106	-1.724E-02	30	2.106	-1.724E-02	30
2.223	-1.724E-02	30	2.223	-1.724E-02	30
2.34	-1.724E-02	30	2.34	-1.724E-02	30
2.223	-1.724E-02	30	2.223	-1.724E-02	30
2.106	-1.724E-02	30	2.106	-1.724E-02	30
1.989	-1.724E-02	30	1.989	-1.724E-02	30
1.872	-1.724E-02	30	1.872	-1.724E-02	30
1.755	-1.724E-02	30	1.755	-1.724E-02	30
1.638	-1.724E-02	30	1.638	-1.724E-02	30
1.521	-1.724E-02	30	1.521	-1.724E-02	30
1.404	-1.724E-02	30	1.404	-1.724E-02	30
1.287	-1.724E-02	30	1.287	-1.724E-02	30
1.17	-1.724E-02	30	1.17	-1.724E-02	30
1.053	-1.724E-02	30	1.053	-1.724E-02	30
0.936	-1.724E-02	30	0.936	-1.724E-02	30
0.819	-1.724E-02	30	0.819	-1.724E-02	30
0.702	-1.724E-02	30	0.702	-1.724E-02	30
0.585	-1.724E-02	30	0.585	-1.724E-02	30
0.468	-1.724E-02	30	0.468	-1.724E-02	30
0.351	-1.724E-02	30	0.351	-1.724E-02	30
0.234	-1.724E-02	30	0.234	-1.724E-02	30
0.117	-1.724E-02	30	0.117	-1.724E-02	30
0	-1.724E-02	30	0	-1.724E-02	30
-0.117	-1.724E-02	30	-0.117	-1.724E-02	30
-0.234	-1.724E-02	30	-0.234	-1.724E-02	30
-0.351	-1.724E-02	30	-0.351	-1.724E-02	30
-0.468	-1.724E-02	30	-0.468	-1.724E-02	30
-0.585	-1.724E-02	30	-0.585	-1.724E-02	30
-0.702	-1.724E-02	30	-0.702	-1.724E-02	30
-0.819	-1.724E-02	30	-0.819	-1.724E-02	30
-0.936	-1.724E-02	30	-0.936	-1.724E-02	30
-1.053	-1.724E-02	30	-1.053	-1.724E-02	30
-1.17	-1.724E-02	30	-1.17	-1.724E-02	30
-1.287	-1.724E-02	30	-1.287	-1.724E-02	30
-1.404	-1.724E-02	30	-1.404	-1.724E-02	30
-1.521	-1.724E-02	30	-1.521	-1.724E-02	30
-1.638	-1.724E-02	30	-1.638	-1.724E-02	30
-1.755	-1.724E-02	30	-1.755	-1.724E-02	30
-1.872	-1.724E-02	30	-1.872	-1.724E-02	30
-1.989	-1.724E-02	30	-1.989	-1.724E-02	30
-2.106	-1.724E-02	30	-2.106	-1.724E-02	30
-2.223	-1.724E-02	30	-2.223	-1.724E-02	30
-2.34	-1.724E-02	30	-2.34	-1.724E-02	30
-2.223	-1.724E-02	30	-2.223	-1.724E-02	30
-2.106	-1.724E-02	30	-2.106	-1.724E-02	30
-1.989	-1.724E-02	30	-1.989	-1.724E-02	30
-1.872	-1.724E-02	30	-1.872	-1.724E-02	30
-1.755	-1.724E-02	30	-1.755	-1.724E-02	30
-1.638	-1.724E-02	30	-1.638	-1.724E-02	30
-1.521	-1.724E-02	30	-1.521	-1.724E-02	30
-1.404	-1.724E-02	30	-1.404	-1.724E-02	30
-1.287	-1.724E-02	30	-1.287	-1.724E-02	30
-1.17	-1.724E-02	30	-1.17	-1.724E-02	30
-1.053	-1.724E-02	30	-1.053	-1.724E-02	30
-0.936	-1.724E-02	30	-0.936	-1.724E-02	30
-0.819	-1.724E-02	30	-0.819	-1.724E-02	30
-0.702	-1.724E-02	30	-0.702	-1.724E-02	30
-0.585	-1.724E-02	30	-0.585	-1.724E-02	30
-0.468	-1.724E-02	30	-0.468	-1.724E-02	30
-0.351	-1.724E-02	30	-0.351	-1.724E-02	30
-0.234	-1.724E-02	30	-0.234	-1.724E-02	30
-0.117	-1.724E-02	30	-0.117	-1.724E-02	30
0	-1.724E-02	30	0	-1.724E-02	30
