0.0000 0.0000 0.0000 0.0000 0.0000 0.0000 
0.1000 0.0000 0.0300 0.0000 0.0020 0.0000 
0.2000 0.0000 0.0600 0.0000 0.0040 0.0000 
0.3000 0.0000 0.0900 0.0000 0.0060 0.0000 
0.4000 0.0000 0.1200 0.0000 0.0080 0.0000 
0.5000 0.0000 0.1500 0.0000 0.0100 0.0000 
0.6000 0.0000 0.1800 0.0000 0.0120 0.0000 
0.7000 0.0000 0.2100 0.0000 0.0140 0.0000 
0.8000 0.0000 0.2400 0.0000 0.0160 0.0000 
0.9000 0.0000 0.2700 0.0000 0.0180 0.0000 
0.8000 0.0000 0.2400 0.0000 0.0160 0.0000 
0.7000 0.0000 0.2100 0.0000 0.0140 0.0000 
0.6000 0.0000 0.1800 0.0000 0.0120 0.0000 
0.5000 0.0000 0.1500 0.0000 0.0100 0.0000 
0.4000 0.0000 0.1200 0.0000 0.0080 0.0000 
0.3000 0.0000 0.0900 0.0000 0.0060 0.0000 
0.2000 0.0000 0.0600 0.0000 0.0040 0.0000 
0.1000 0.0000 0.0300 0.0000 0.0020 0.0000 
0.0000 0.0000 0.0000 0.0000 0.0000 0.0000 
-0.1000 0.0000 -0.0300 0.0000 -0.0020 0.0000 
-0.2000 0.0000 -0.0600 0.0000 -0.0040 0.0000 
-0.3000 0.0000 -0.0900 0.0000 -0.0060 0.0000 
-0.4000 0.0000 -0.1200 0.0000 -0.0080 0.0000 
-0.5000 0.0000 -0.1500 0.0000 -0.0100 0.0000 
-0.6000 0.0000 -0.1800 0.0000 -0.0120 0.0000 
-0.7000 0.0000 -0.2100 0.0000 -0.0140 0.0000 
-0.8000 0.0000 -0.2400 0.0000 -0.0160 0.0000 
-0.9000 0.0000 -0.2700 0.0000 -0.0180 0.0000 
