0.0000	0.000E+00	25	0.0000	0.000E+00	25
0.0000	0.000E+00	25	0.0000	0.000E+00	25
0.0000	0.000E+00	25	0.0000	0.000E+00	25
0.0000	0.000E+00	25	0.0000	0.000E+00	25
0.0000	0.000E+00	25	0.0000	0.000E+00	25
0.0000	0.000E+00	25	0.0000	0.000E+00	25
0.0000	0.000E+00	25	0.0000	0.000E+00	25
0.0000	0.000E+00	25	0.0000	0.000E+00	25
0.0000	0.000E+00	25	0.0000	0.000E+00	25
0.0000	0.000E+00	25	0.0000	0.000E+00	25
0.0044	-4.379E-05	25	0.0044	-4.379E-05	25
0.0088	-8.753E-05	25	0.0088	-8.753E-05	25
0.0132	-1.312E-04	25	0.0132	-1.312E-04	25
0.0176	-1.749E-04	25	0.0176	-1.749E-04	25
0.0220	-2.185E-04	25	0.0220	-2.185E-04	25
0.0176	-1.748E-04	25	0.0176	-1.748E-04	25
0.0132	-1.311E-04	25	0.0132	-1.311E-04	25
0.0088	-8.741E-05	25	0.0088	-8.741E-05	25
0.0044	-4.370E-05	25	0.0044	-4.370E-05	25
0.0000	0.000E+00	25	0.0000	0.000E+00	25
-0.0044	4.370E-05	25	-0.0044	4.370E-05	25
-0.0088	8.741E-05	25	-0.0088	8.741E-05	25
-0.0132	1.311E-04	25	-0.0132	1.311E-04	25
-0.0176	1.748E-04	25	-0.0176	1.748E-04	25
-0.0220	2.185E-04	25	-0.0220	2.185E-04	25
-0.0176	1.748E-04	25	-0.0176	1.748E-04	25
-0.0132	1.311E-04	25	-0.0132	1.311E-04	25
-0.0088	8.741E-05	25	-0.0088	8.741E-05	25
-0.0044	4.370E-05	25	-0.0044	4.370E-05	25
0.0000	0.000E+00	25	0.0000	0.000E+00	25
0.0044	-4.370E-05	25	0.0044	-4.370E-05	25
0.0088	-8.741E-05	25	0.0088	-8.741E-05	25
0.0132	-1.311E-04	25	0.0132	-1.311E-04	25
0.0176	-1.748E-04	25	0.0176	-1.748E-04	25
0.0220	-2.185E-04	25	0.0220	-2.185E-04	25
0.0176	-1.748E-04	25	0.0176	-1.748E-04	25
0.0132	-1.311E-04	25	0.0132	-1.311E-04	25
0.0088	-8.741E-05	25	0.0088	-8.741E-05	25
0.0044	-4.370E-05	25	0.0044	-4.370E-05	25
0.0000	0.000E+00	25	0.0000	0.000E+00	25
-0.0044	4.370E-05	25	-0.0044	4.370E-05	25
-0.0088	8.741E-05	25	-0.0088	8.741E-05	25
-0.0132	1.311E-04	25	-0.0132	1.311E-04	25
-0.0176	1.748E-04	25	-0.0176	1.748E-04	25
-0.0220	2.185E-04	25	-0.0220	2.185E-04	25
-0.0176	1.748E-04	25	-0.0176	1.748E-04	25
-0.0132	1.311E-04	25	-0.0132	1.311E-04	25
-0.0088	8.741E-05	25	-0.0088	8.741E-05	25
-0.0044	4.370E-05	25	-0.0044	4.370E-05	25
0.0000	0.000E+00	25	0.0000	0.000E+00	25
0.0088	-8.741E-05	25	0.0088	-8.741E-05	25
0.0176	-1.748E-04	25	0.0176	-1.748E-04	25
0.0264	-2.621E-04	25	0.0264	-2.621E-04	25
0.0352	-3.491E-04	25	0.0352	-3.491E-04	25
0.0440	-4.360E-04	25	0.0440	-4.360E-04	25
0.0352	-3.488E-04	25	0.0352	-3.488E-04	25
0.0264	-2.616E-04	25	0.0264	-2.616E-04	25
0.0176	-1.744E-04	25	0.0176	-1.744E-04	25
0.0088	-8.719E-05	25	0.0088	-8.719E-05	25
0.0000	0.000E+00	25	0.0000	0.000E+00	25
-0.0088	8.719E-05	25	-0.0088	8.719E-05	25
-0.0176	1.744E-04	25	-0.0176	1.744E-04	25
-0.0264	2.616E-04	25	-0.0264	2.616E-04	25
-0.0352	3.488E-04	25	-0.0352	3.488E-04	25
-0.0440	4.360E-04	25	-0.0440	4.360E-04	25
-0.0352	3.488E-04	25	-0.0352	3.488E-04	25
-0.0264	2.616E-04	25	-0.0264	2.616E-04	25
-0.0176	1.744E-04	25	-0.0176	1.744E-04	25
-0.0088	8.719E-05	25	-0.0088	8.719E-05	25
0.0000	0.000E+00	25	0.0000	0.000E+00	25
0.0088	-8.719E-05	25	0.0088	-8.719E-05	25
0.0176	-1.744E-04	25	0.0176	-1.744E-04	25
0.0264	-2.616E-04	25	0.0264	-2.616E-04	25
0.0352	-3.488E-04	25	0.0352	-3.488E-04	25
0.0440	-4.360E-04	25	0.0440	-4.360E-04	25
0.0352	-3.488E-04	25	0.0352	-3.488E-04	25
0.0264	-2.616E-04	25	0.0264	-2.616E-04	25
0.0176	-1.744E-04	25	0.0176	-1.744E-04	25
0.0088	-8.719E-05	25	0.0088	-8.719E-05	25
0.0000	0.000E+00	25	0.0000	0.000E+00	25
-0.0088	8.719E-05	25	-0.0088	8.719E-05	25
-0.0176	1.744E-04	25	-0.0176	1.744E-04	25
-0.0264	2.616E-04	25	-0.0264	2.616E-04	25
-0.0352	3.488E-04	25	-0.0352	3.488E-04	25
-0.0440	4.360E-04	25	-0.0440	4.360E-04	25
-0.0352	3.488E-04	25	-0.0352	3.488E-04	25
-0.0264	2.616E-04	25	-0.0264	2.616E-04	25
-0.0176	1.744E-04	25	-0.0176	1.744E-04	25
-0.0088	8.719E-05	25	-0.0088	8.719E-05	25
0.0000	0.000E+00	25	0.0000	0.000E+00	25
0.0108	-1.070E-04	25	0.0108	-1.070E-04	25
0.0216	-2.140E-04	25	0.0216	-2.140E-04	25
0.0324	-3.210E-04	25	0.0324	-3.210E-04	25
0.0432	-4.280E-04	25	0.0432	-4.280E-04	25
0.0540	-5.344E-04	25	0.0540	-5.344E-04	25
0.0648	-6.406E-04	25	0.0648	-6.406E-04	25
0.0756	-7.464E-04	25	0.0756	-7.464E-04	25
0.0864	-8.520E-04	25	0.0864	-8.520E-04	25
0.0972	-9.573E-04	25	0.0972	-9.573E-04	25
0.1080	-1.062E-03	25	0.1080	-1.062E-03	25
0.0972	-9.562E-04	25	0.0972	-9.562E-04	25
0.0864	-8.499E-04	25	0.0864	-8.499E-04	25
0.0756	-7.437E-04	25	0.0756	-7.437E-04	25
0.0648	-6.375E-04	25	0.0648	-6.375E-04	25
0.0540	-5.312E-04	25	0.0540	-5.312E-04	25
0.0432	-4.250E-04	25	0.0432	-4.250E-04	25
0.0324	-3.187E-04	25	0.0324	-3.187E-04	25
0.0216	-2.125E-04	25	0.0216	-2.125E-04	25
0.0108	-1.062E-04	25	0.0108	-1.062E-04	25
0.0000	0.000E+00	25	0.0000	0.000E+00	25
-0.0108	1.062E-04	25	-0.0108	1.062E-04	25
-0.0216	2.125E-04	25	-0.0216	2.125E-04	25
-0.0324	3.187E-04	25	-0.0324	3.187E-04	25
-0.0432	4.250E-04	25	-0.0432	4.250E-04	25
-0.0540	5.312E-04	25	-0.0540	5.312E-04	25
-0.0648	6.375E-04	25	-0.0648	6.375E-04	25
-0.0756	7.437E-04	25	-0.0756	7.437E-04	25
-0.0864	8.499E-04	25	-0.0864	8.499E-04	25
-0.0972	9.562E-04	25	-0.0972	9.562E-04	25
-0.1080	1.062E-03	25	-0.1080	1.062E-03	25
-0.0972	9.562E-04	25	-0.0972	9.562E-04	25
-0.0864	8.499E-04	25	-0.0864	8.499E-04	25
-0.0756	7.437E-04	25	-0.0756	7.437E-04	25
-0.0648	6.375E-04	25	-0.0648	6.375E-04	25
-0.0540	5.312E-04	25	-0.0540	5.312E-04	25
-0.0432	4.250E-04	25	-0.0432	4.250E-04	25
-0.0324	3.187E-04	25	-0.0324	3.187E-04	25
-0.0216	2.125E-04	25	-0.0216	2.125E-04	25
-0.0108	1.062E-04	25	-0.0108	1.062E-04	25
0.0000	0.000E+00	25	0.0000	0.000E+00	25
0.0108	-1.062E-04	25	0.0108	-1.062E-04	25
0.0216	-2.125E-04	25	0.0216	-2.125E-04	25
0.0324	-3.187E-04	25	0.0324	-3.187E-04	25
0.0432	-4.250E-04	25	0.0432	-4.250E-04	25
0.0540	-5.312E-04	25	0.0540	-5.312E-04	25
0.0648	-6.375E-04	25	0.0648	-6.375E-04	25
0.0756	-7.437E-04	25	0.0756	-7.437E-04	25
0.0864	-8.499E-04	25	0.0864	-8.499E-04	25
0.0972	-9.562E-04	25	0.0972	-9.562E-04	25
0.1080	-1.062E-03	25	0.1080	-1.062E-03	25
0.0972	-9.562E-04	25	0.0972	-9.562E-04	25
0.0864	-8.499E-04	25	0.0864	-8.499E-04	25
0.0756	-7.437E-04	25	0.0756	-7.437E-04	25
0.0648	-6.375E-04	25	0.0648	-6.375E-04	25
0.0540	-5.312E-04	25	0.0540	-5.312E-04	25
0.0432	-4.250E-04	25	0.0432	-4.250E-04	25
0.0324	-3.187E-04	25	0.0324	-3.187E-04	25
0.0216	-2.125E-04	25	0.0216	-2.125E-04	25
0.0108	-1.062E-04	25	0.0108	-1.062E-04	25
0.0000	0.000E+00	25	0.0000	0.000E+00	25
-0.0108	1.062E-04	25	-0.0108	1.062E-04	25
-0.0216	2.125E-04	25	-0.0216	2.125E-04	25
-0.0324	3.187E-04	25	-0.0324	3.187E-04	25
-0.0432	4.250E-04	25	-0.0432	4.250E-04	25
-0.0540	5.312E-04	25	-0.0540	5.312E-04	25
-0.0648	6.375E-04	25	-0.0648	6.375E-04	25
-0.0756	7.437E-04	25	-0.0756	7.437E-04	25
-0.0864	8.499E-04	25	-0.0864	8.499E-04	25
-0.0972	9.562E-04	25	-0.0972	9.562E-04	25
-0.1080	1.062E-03	25	-0.1080	1.062E-03	25
-0.0972	9.562E-04	25	-0.0972	9.562E-04	25
-0.0864	8.499E-04	25	-0.0864	8.499E-04	25
-0.0756	7.437E-04	25	-0.0756	7.437E-04	25
-0.0648	6.375E-04	25	-0.0648	6.375E-04	25
-0.0540	5.312E-04	25	-0.0540	5.312E-04	25
-0.0432	4.250E-04	25	-0.0432	4.250E-04	25
-0.0324	3.187E-04	25	-0.0324	3.187E-04	25
-0.0216	2.125E-04	25	-0.0216	2.125E-04	25
-0.0108	1.062E-04	25	-0.0108	1.062E-04	25
0.0000	0.000E+00	25	0.0000	0.000E+00	25
0.0217	-2.135E-04	25	0.0217	-2.135E-04	25
0.0434	-4.269E-04	25	0.0434	-4.269E-04	25
0.0651	-6.404E-04	25	0.0651	-6.404E-04	25
0.0868	-8.539E-04	25	0.0868	-8.539E-04	25
0.1085	-1.067E-03	25	0.1085	-1.067E-03	25
0.1302	-1.278E-03	25	0.1302	-1.278E-03	25
0.1519	-1.487E-03	25	0.1519	-1.487E-03	25
0.1736	-1.695E-03	25	0.1736	-1.695E-03	25
0.1953	-1.902E-03	25	0.1953	-1.902E-03	25
0.2170	-2.108E-03	25	0.2170	-2.108E-03	25
0.1953	-1.898E-03	25	0.1953	-1.898E-03	25
0.1736	-1.687E-03	25	0.1736	-1.687E-03	25
0.1519	-1.476E-03	25	0.1519	-1.476E-03	25
0.1302	-1.265E-03	25	0.1302	-1.265E-03	25
0.1085	-1.054E-03	25	0.1085	-1.054E-03	25
0.0868	-8.434E-04	25	0.0868	-8.434E-04	25
0.0651	-6.325E-04	25	0.0651	-6.325E-04	25
0.0434	-4.217E-04	25	0.0434	-4.217E-04	25
0.0217	-2.108E-04	25	0.0217	-2.108E-04	25
0.0000	0.000E+00	25	0.0000	0.000E+00	25
-0.0217	2.108E-04	25	-0.0217	2.108E-04	25
-0.0434	4.217E-04	25	-0.0434	4.217E-04	25
-0.0651	6.325E-04	25	-0.0651	6.325E-04	25
-0.0868	8.434E-04	25	-0.0868	8.434E-04	25
-0.1085	1.054E-03	25	-0.1085	1.054E-03	25
-0.1302	1.265E-03	25	-0.1302	1.265E-03	25
-0.1519	1.476E-03	25	-0.1519	1.476E-03	25
-0.1736	1.687E-03	25	-0.1736	1.687E-03	25
-0.1953	1.898E-03	25	-0.1953	1.898E-03	25
-0.2170	2.108E-03	25	-0.2170	2.108E-03	25
-0.1953	1.898E-03	25	-0.1953	1.898E-03	25
-0.1736	1.687E-03	25	-0.1736	1.687E-03	25
-0.1519	1.476E-03	25	-0.1519	1.476E-03	25
-0.1302	1.265E-03	25	-0.1302	1.265E-03	25
-0.1085	1.054E-03	25	-0.1085	1.054E-03	25
-0.0868	8.434E-04	25	-0.0868	8.434E-04	25
-0.0651	6.325E-04	25	-0.0651	6.325E-04	25
-0.0434	4.217E-04	25	-0.0434	4.217E-04	25
-0.0217	2.108E-04	25	-0.0217	2.108E-04	25
0.0000	0.000E+00	25	0.0000	0.000E+00	25
0.0217	-2.108E-04	25	0.0217	-2.108E-04	25
0.0434	-4.217E-04	25	0.0434	-4.217E-04	25
0.0651	-6.325E-04	25	0.0651	-6.325E-04	25
0.0868	-8.434E-04	25	0.0868	-8.434E-04	25
0.1085	-1.054E-03	25	0.1085	-1.054E-03	25
0.1302	-1.265E-03	25	0.1302	-1.265E-03	25
0.1519	-1.476E-03	25	0.1519	-1.476E-03	25
0.1736	-1.687E-03	25	0.1736	-1.687E-03	25
0.1953	-1.898E-03	25	0.1953	-1.898E-03	25
0.2170	-2.108E-03	25	0.2170	-2.108E-03	25
0.1953	-1.898E-03	25	0.1953	-1.898E-03	25
0.1736	-1.687E-03	25	0.1736	-1.687E-03	25
0.1519	-1.476E-03	25	0.1519	-1.476E-03	25
0.1302	-1.265E-03	25	0.1302	-1.265E-03	25
0.1085	-1.054E-03	25	0.1085	-1.054E-03	25
0.0868	-8.434E-04	25	0.0868	-8.434E-04	25
0.0651	-6.325E-04	25	0.0651	-6.325E-04	25
0.0434	-4.217E-04	25	0.0434	-4.217E-04	25
0.0217	-2.108E-04	25	0.0217	-2.108E-04	25
0.0000	0.000E+00	25	0.0000	0.000E+00	25
-0.0217	2.108E-04	25	-0.0217	2.108E-04	25
-0.0434	4.217E-04	25	-0.0434	4.217E-04	25
-0.0651	6.325E-04	25	-0.0651	6.325E-04	25
-0.0868	8.434E-04	25	-0.0868	8.434E-04	25
-0.1085	1.054E-03	25	-0.1085	1.054E-03	25
-0.1302	1.265E-03	25	-0.1302	1.265E-03	25
-0.1519	1.476E-03	25	-0.1519	1.476E-03	25
-0.1736	1.687E-03	25	-0.1736	1.687E-03	25
-0.1953	1.898E-03	25	-0.1953	1.898E-03	25
-0.2170	2.108E-03	25	-0.2170	2.108E-03	25
-0.1953	1.898E-03	25	-0.1953	1.898E-03	25
-0.1736	1.687E-03	25	-0.1736	1.687E-03	25
-0.1519	1.476E-03	25	-0.1519	1.476E-03	25
-0.1302	1.265E-03	25	-0.1302	1.265E-03	25
-0.1085	1.054E-03	25	-0.1085	1.054E-03	25
-0.0868	8.434E-04	25	-0.0868	8.434E-04	25
-0.0651	6.325E-04	25	-0.0651	6.325E-04	25
-0.0434	4.217E-04	25	-0.0434	4.217E-04	25
-0.0217	2.108E-04	25	-0.0217	2.108E-04	25
0.0000	0.000E+00	25	0.0000	0.000E+00	25
0.0324	-3.148E-04	25	0.0324	-3.148E-04	25
0.0648	-6.296E-04	25	0.0648	-6.296E-04	25
0.0972	-9.444E-04	25	0.0972	-9.444E-04	25
0.1296	-1.259E-03	25	0.1296	-1.259E-03	25
0.1620	-1.574E-03	25	0.1620	-1.574E-03	25
0.1944	-1.889E-03	25	0.1944	-1.889E-03	25
0.2268	-2.201E-03	25	0.2268	-2.201E-03	25
0.2592	-2.506E-03	25	0.2592	-2.506E-03	25
0.2916	-2.809E-03	25	0.2916	-2.809E-03	25
0.3240	-3.110E-03	25	0.3240	-3.110E-03	25
0.2916	-2.799E-03	25	0.2916	-2.799E-03	25
0.2592	-2.488E-03	25	0.2592	-2.488E-03	25
0.2268	-2.177E-03	25	0.2268	-2.177E-03	25
0.1944	-1.866E-03	25	0.1944	-1.866E-03	25
0.1620	-1.555E-03	25	0.1620	-1.555E-03	25
0.1296	-1.244E-03	25	0.1296	-1.244E-03	25
0.0972	-9.329E-04	25	0.0972	-9.329E-04	25
0.0648	-6.220E-04	25	0.0648	-6.220E-04	25
0.0324	-3.110E-04	25	0.0324	-3.110E-04	25
0.0000	0.000E+00	25	0.0000	0.000E+00	25
-0.0324	3.110E-04	25	-0.0324	3.110E-04	25
-0.0648	6.220E-04	25	-0.0648	6.220E-04	25
-0.0972	9.329E-04	25	-0.0972	9.329E-04	25
-0.1296	1.244E-03	25	-0.1296	1.244E-03	25
-0.1620	1.555E-03	25	-0.1620	1.555E-03	25
-0.1944	1.866E-03	25	-0.1944	1.866E-03	25
-0.2268	2.177E-03	25	-0.2268	2.177E-03	25
-0.2592	2.488E-03	25	-0.2592	2.488E-03	25
-0.2916	2.799E-03	25	-0.2916	2.799E-03	25
-0.3240	3.110E-03	25	-0.3240	3.110E-03	25
-0.2916	2.799E-03	25	-0.2916	2.799E-03	25
-0.2592	2.488E-03	25	-0.2592	2.488E-03	25
-0.2268	2.177E-03	25	-0.2268	2.177E-03	25
-0.1944	1.866E-03	25	-0.1944	1.866E-03	25
-0.1620	1.555E-03	25	-0.1620	1.555E-03	25
-0.1296	1.244E-03	25	-0.1296	1.244E-03	25
-0.0972	9.329E-04	25	-0.0972	9.329E-04	25
-0.0648	6.220E-04	25	-0.0648	6.220E-04	25
-0.0324	3.110E-04	25	-0.0324	3.110E-04	25
0.0000	0.000E+00	25	0.0000	0.000E+00	25
0.0324	-3.110E-04	25	0.0324	-3.110E-04	25
0.0648	-6.220E-04	25	0.0648	-6.220E-04	25
0.0972	-9.329E-04	25	0.0972	-9.329E-04	25
0.1296	-1.244E-03	25	0.1296	-1.244E-03	25
0.1620	-1.555E-03	25	0.1620	-1.555E-03	25
0.1944	-1.866E-03	25	0.1944	-1.866E-03	25
0.2268	-2.177E-03	25	0.2268	-2.177E-03	25
0.2592	-2.488E-03	25	0.2592	-2.488E-03	25
0.2916	-2.799E-03	25	0.2916	-2.799E-03	25
0.3240	-3.110E-03	25	0.3240	-3.110E-03	25
0.2916	-2.799E-03	25	0.2916	-2.799E-03	25
0.2592	-2.488E-03	25	0.2592	-2.488E-03	25
0.2268	-2.177E-03	25	0.2268	-2.177E-03	25
0.1944	-1.866E-03	25	0.1944	-1.866E-03	25
0.1620	-1.555E-03	25	0.1620	-1.555E-03	25
0.1296	-1.244E-03	25	0.1296	-1.244E-03	25
0.0972	-9.329E-04	25	0.0972	-9.329E-04	25
0.0648	-6.220E-04	25	0.0648	-6.220E-04	25
0.0324	-3.110E-04	25	0.0324	-3.110E-04	25
0.0000	0.000E+00	25	0.0000	0.000E+00	25
-0.0324	3.110E-04	25	-0.0324	3.110E-04	25
-0.0648	6.220E-04	25	-0.0648	6.220E-04	25
-0.0972	9.329E-04	25	-0.0972	9.329E-04	25
-0.1296	1.244E-03	25	-0.1296	1.244E-03	25
-0.1620	1.555E-03	25	-0.1620	1.555E-03	25
-0.1944	1.866E-03	25	-0.1944	1.866E-03	25
-0.2268	2.177E-03	25	-0.2268	2.177E-03	25
-0.2592	2.488E-03	25	-0.2592	2.488E-03	25
-0.2916	2.799E-03	25	-0.2916	2.799E-03	25
-0.3240	3.110E-03	25	-0.3240	3.110E-03	25
-0.2916	2.799E-03	25	-0.2916	2.799E-03	25
-0.2592	2.488E-03	25	-0.2592	2.488E-03	25
-0.2268	2.177E-03	25	-0.2268	2.177E-03	25
-0.1944	1.866E-03	25	-0.1944	1.866E-03	25
-0.1620	1.555E-03	25	-0.1620	1.555E-03	25
-0.1296	1.244E-03	25	-0.1296	1.244E-03	25
-0.0972	9.329E-04	25	-0.0972	9.329E-04	25
-0.0648	6.220E-04	25	-0.0648	6.220E-04	25
-0.0324	3.110E-04	25	-0.0324	3.110E-04	25
0.0000	0.000E+00	25	0.0000	0.000E+00	25
0.0271	-2.596E-04	25	0.0271	-2.596E-04	25
0.0541	-5.193E-04	25	0.0541	-5.193E-04	25
0.0812	-7.789E-04	25	0.0812	-7.789E-04	25
0.1082	-1.039E-03	25	0.1082	-1.039E-03	25
0.1353	-1.298E-03	25	0.1353	-1.298E-03	25
0.1623	-1.558E-03	25	0.1623	-1.558E-03	25
0.1894	-1.817E-03	25	0.1894	-1.817E-03	25
0.2164	-2.077E-03	25	0.2164	-2.077E-03	25
0.2435	-2.337E-03	25	0.2435	-2.337E-03	25
0.2705	-2.596E-03	25	0.2705	-2.596E-03	25
0.2976	-2.856E-03	25	0.2976	-2.856E-03	25
0.3246	-3.115E-03	25	0.3246	-3.115E-03	25
0.3517	-3.364E-03	25	0.3517	-3.364E-03	25
0.3787	-3.612E-03	25	0.3787	-3.612E-03	25
0.4058	-3.858E-03	25	0.4058	-3.858E-03	25
0.4328	-4.102E-03	25	0.4328	-4.102E-03	25
0.4599	-4.345E-03	25	0.4599	-4.345E-03	25
0.4869	-4.586E-03	25	0.4869	-4.586E-03	25
0.5140	-4.825E-03	25	0.5140	-4.825E-03	25
0.5410	-5.063E-03	25	0.5410	-5.063E-03	25
0.5140	-4.809E-03	25	0.5140	-4.809E-03	25
0.4869	-4.556E-03	25	0.4869	-4.556E-03	25
0.4599	-4.303E-03	25	0.4599	-4.303E-03	25
0.4328	-4.050E-03	25	0.4328	-4.050E-03	25
0.4058	-3.797E-03	25	0.4058	-3.797E-03	25
0.3787	-3.544E-03	25	0.3787	-3.544E-03	25
0.3517	-3.291E-03	25	0.3517	-3.291E-03	25
0.3246	-3.038E-03	25	0.3246	-3.038E-03	25
0.2976	-2.784E-03	25	0.2976	-2.784E-03	25
0.2705	-2.531E-03	25	0.2705	-2.531E-03	25
0.2435	-2.278E-03	25	0.2435	-2.278E-03	25
0.2164	-2.025E-03	25	0.2164	-2.025E-03	25
0.1894	-1.772E-03	25	0.1894	-1.772E-03	25
0.1623	-1.519E-03	25	0.1623	-1.519E-03	25
0.1353	-1.266E-03	25	0.1353	-1.266E-03	25
0.1082	-1.013E-03	25	0.1082	-1.013E-03	25
0.0812	-7.594E-04	25	0.0812	-7.594E-04	25
0.0541	-5.063E-04	25	0.0541	-5.063E-04	25
0.0271	-2.531E-04	25	0.0271	-2.531E-04	25
0.0000	0.000E+00	25	0.0000	0.000E+00	25
-0.0271	2.531E-04	25	-0.0271	2.531E-04	25
-0.0541	5.063E-04	25	-0.0541	5.063E-04	25
-0.0811	7.594E-04	25	-0.0811	7.594E-04	25
-0.1082	1.013E-03	25	-0.1082	1.013E-03	25
-0.1353	1.266E-03	25	-0.1353	1.266E-03	25
-0.1623	1.519E-03	25	-0.1623	1.519E-03	25
-0.1894	1.772E-03	25	-0.1894	1.772E-03	25
-0.2164	2.025E-03	25	-0.2164	2.025E-03	25
-0.2435	2.278E-03	25	-0.2435	2.278E-03	25
-0.2705	2.531E-03	25	-0.2705	2.531E-03	25
-0.2976	2.784E-03	25	-0.2976	2.784E-03	25
-0.3246	3.038E-03	25	-0.3246	3.038E-03	25
-0.3517	3.291E-03	25	-0.3517	3.291E-03	25
-0.3787	3.544E-03	25	-0.3787	3.544E-03	25
-0.4058	3.797E-03	25	-0.4058	3.797E-03	25
-0.4328	4.050E-03	25	-0.4328	4.050E-03	25
-0.4599	4.303E-03	25	-0.4599	4.303E-03	25
-0.4869	4.556E-03	25	-0.4869	4.556E-03	25
-0.5140	4.809E-03	25	-0.5140	4.809E-03	25
-0.5410	5.063E-03	25	-0.5410	5.063E-03	25
-0.5140	4.809E-03	25	-0.5140	4.809E-03	25
-0.4869	4.556E-03	25	-0.4869	4.556E-03	25
-0.4599	4.303E-03	25	-0.4599	4.303E-03	25
-0.4328	4.050E-03	25	-0.4328	4.050E-03	25
-0.4058	3.797E-03	25	-0.4058	3.797E-03	25
-0.3787	3.544E-03	25	-0.3787	3.544E-03	25
-0.3517	3.291E-03	25	-0.3517	3.291E-03	25
-0.3246	3.038E-03	25	-0.3246	3.038E-03	25
-0.2976	2.784E-03	25	-0.2976	2.784E-03	25
-0.2705	2.531E-03	25	-0.2705	2.531E-03	25
-0.2435	2.278E-03	25	-0.2435	2.278E-03	25
-0.2164	2.025E-03	25	-0.2164	2.025E-03	25
-0.1894	1.772E-03	25	-0.1894	1.772E-03	25
-0.1623	1.519E-03	25	-0.1623	1.519E-03	25
-0.1353	1.266E-03	25	-0.1353	1.266E-03	25
-0.1082	1.013E-03	25	-0.1082	1.013E-03	25
-0.0812	7.594E-04	25	-0.0812	7.594E-04	25
-0.0541	5.063E-04	25	-0.0541	5.063E-04	25
-0.0271	2.531E-04	25	-0.0271	2.531E-04	25
0.0000	0.000E+00	25	0.0000	0.000E+00	25
0.0271	-2.531E-04	25	0.0271	-2.531E-04	25
0.0541	-5.063E-04	25	0.0541	-5.063E-04	25
0.0812	-7.594E-04	25	0.0812	-7.594E-04	25
0.1082	-1.013E-03	25	0.1082	-1.013E-03	25
0.1353	-1.266E-03	25	0.1353	-1.266E-03	25
0.1623	-1.519E-03	25	0.1623	-1.519E-03	25
0.1894	-1.772E-03	25	0.1894	-1.772E-03	25
0.2164	-2.025E-03	25	0.2164	-2.025E-03	25
0.2435	-2.278E-03	25	0.2435	-2.278E-03	25
0.2705	-2.531E-03	25	0.2705	-2.531E-03	25
0.2976	-2.784E-03	25	0.2976	-2.784E-03	25
0.3246	-3.038E-03	25	0.3246	-3.038E-03	25
0.3517	-3.291E-03	25	0.3517	-3.291E-03	25
0.3787	-3.544E-03	25	0.3787	-3.544E-03	25
0.4058	-3.797E-03	25	0.4058	-3.797E-03	25
0.4328	-4.050E-03	25	0.4328	-4.050E-03	25
0.4599	-4.303E-03	25	0.4599	-4.303E-03	25
0.4869	-4.556E-03	25	0.4869	-4.556E-03	25
0.5140	-4.809E-03	25	0.5140	-4.809E-03	25
0.5410	-5.063E-03	25	0.5410	-5.063E-03	25
0.5140	-4.809E-03	25	0.5140	-4.809E-03	25
0.4869	-4.556E-03	25	0.4869	-4.556E-03	25
0.4599	-4.303E-03	25	0.4599	-4.303E-03	25
0.4328	-4.050E-03	25	0.4328	-4.050E-03	25
0.4058	-3.797E-03	25	0.4058	-3.797E-03	25
0.3787	-3.544E-03	25	0.3787	-3.544E-03	25
0.3517	-3.291E-03	25	0.3517	-3.291E-03	25
0.3246	-3.038E-03	25	0.3246	-3.038E-03	25
0.2976	-2.784E-03	25	0.2976	-2.784E-03	25
0.2705	-2.531E-03	25	0.2705	-2.531E-03	25
0.2435	-2.278E-03	25	0.2435	-2.278E-03	25
0.2164	-2.025E-03	25	0.2164	-2.025E-03	25
0.1894	-1.772E-03	25	0.1894	-1.772E-03	25
0.1623	-1.519E-03	25	0.1623	-1.519E-03	25
0.1353	-1.266E-03	25	0.1353	-1.266E-03	25
0.1082	-1.013E-03	25	0.1082	-1.013E-03	25
0.0812	-7.594E-04	25	0.0812	-7.594E-04	25
0.0541	-5.063E-04	25	0.0541	-5.063E-04	25
0.0271	-2.531E-04	25	0.0271	-2.531E-04	25
0.0000	0.000E+00	25	0.0000	0.000E+00	25
-0.0271	2.531E-04	25	-0.0271	2.531E-04	25
-0.0541	5.063E-04	25	-0.0541	5.063E-04	25
-0.0811	7.594E-04	25	-0.0811	7.594E-04	25
-0.1082	1.013E-03	25	-0.1082	1.013E-03	25
-0.1353	1.266E-03	25	-0.1353	1.266E-03	25
-0.1623	1.519E-03	25	-0.1623	1.519E-03	25
-0.1894	1.772E-03	25	-0.1894	1.772E-03	25
-0.2164	2.025E-03	25	-0.2164	2.025E-03	25
-0.2435	2.278E-03	25	-0.2435	2.278E-03	25
-0.2705	2.531E-03	25	-0.2705	2.531E-03	25
-0.2976	2.784E-03	25	-0.2976	2.784E-03	25
-0.3246	3.038E-03	25	-0.3246	3.038E-03	25
-0.3517	3.291E-03	25	-0.3517	3.291E-03	25
-0.3787	3.544E-03	25	-0.3787	3.544E-03	25
-0.4058	3.797E-03	25	-0.4058	3.797E-03	25
-0.4328	4.050E-03	25	-0.4328	4.050E-03	25
-0.4599	4.303E-03	25	-0.4599	4.303E-03	25
-0.4869	4.556E-03	25	-0.4869	4.556E-03	25
-0.5140	4.809E-03	25	-0.5140	4.809E-03	25
-0.5410	5.063E-03	25	-0.5410	5.063E-03	25
-0.5140	4.809E-03	25	-0.5140	4.809E-03	25
-0.4869	4.556E-03	25	-0.4869	4.556E-03	25
-0.4599	4.303E-03	25	-0.4599	4.303E-03	25
-0.4328	4.050E-03	25	-0.4328	4.050E-03	25
-0.4058	3.797E-03	25	-0.4058	3.797E-03	25
-0.3787	3.544E-03	25	-0.3787	3.544E-03	25
-0.3517	3.291E-03	25	-0.3517	3.291E-03	25
-0.3246	3.038E-03	25	-0.3246	3.038E-03	25
-0.2976	2.784E-03	25	-0.2976	2.784E-03	25
-0.2705	2.531E-03	25	-0.2705	2.531E-03	25
-0.2435	2.278E-03	25	-0.2435	2.278E-03	25
-0.2164	2.025E-03	25	-0.2164	2.025E-03	25
-0.1894	1.772E-03	25	-0.1894	1.772E-03	25
-0.1623	1.519E-03	25	-0.1623	1.519E-03	25
-0.1353	1.266E-03	25	-0.1353	1.266E-03	25
-0.1082	1.013E-03	25	-0.1082	1.013E-03	25
-0.0812	7.594E-04	25	-0.0812	7.594E-04	25
-0.0541	5.063E-04	25	-0.0541	5.063E-04	25
-0.0271	2.531E-04	25	-0.0271	2.531E-04	25
0.0000	0.000E+00	25	0.0000	0.000E+00	25
0.0390	-3.650E-04	25	0.0390	-3.650E-04	25
0.0780	-7.299E-04	25	0.0780	-7.299E-04	25
0.1170	-1.095E-03	25	0.1170	-1.095E-03	25
0.1560	-1.460E-03	25	0.1560	-1.460E-03	25
0.1950	-1.825E-03	25	0.1950	-1.825E-03	25
0.2340	-2.190E-03	25	0.2340	-2.190E-03	25
0.2730	-2.555E-03	25	0.2730	-2.555E-03	25
0.3120	-2.920E-03	25	0.3120	-2.920E-03	25
0.3510	-3.285E-03	25	0.3510	-3.285E-03	25
0.3900	-3.650E-03	25	0.3900	-3.650E-03	25
0.4290	-4.015E-03	25	0.4290	-4.015E-03	25
0.4680	-4.379E-03	25	0.4680	-4.379E-03	25
0.5070	-4.744E-03	25	0.5070	-4.744E-03	25
0.5460	-5.106E-03	25	0.5460	-5.106E-03	25
0.5850	-5.446E-03	25	0.5850	-5.446E-03	25
0.6240	-5.782E-03	25	0.6240	-5.782E-03	25
0.6630	-6.115E-03	25	0.6630	-6.115E-03	25
0.7020	-6.444E-03	25	0.7020	-6.444E-03	25
0.7410	-6.770E-03	25	0.7410	-6.770E-03	25
0.7800	-7.093E-03	25	0.7800	-7.093E-03	25
0.7410	-6.738E-03	25	0.7410	-6.738E-03	25
0.7020	-6.383E-03	25	0.7020	-6.383E-03	25
0.6630	-6.029E-03	25	0.6630	-6.029E-03	25
0.6240	-5.674E-03	25	0.6240	-5.674E-03	25
0.5850	-5.320E-03	25	0.5850	-5.320E-03	25
0.5460	-4.965E-03	25	0.5460	-4.965E-03	25
0.5070	-4.610E-03	25	0.5070	-4.610E-03	25
0.4680	-4.256E-03	25	0.4680	-4.256E-03	25
0.4290	-3.901E-03	25	0.4290	-3.901E-03	25
0.3900	-3.546E-03	25	0.3900	-3.546E-03	25
0.3510	-3.192E-03	25	0.3510	-3.192E-03	25
0.3120	-2.837E-03	25	0.3120	-2.837E-03	25
0.2730	-2.482E-03	25	0.2730	-2.482E-03	25
0.2340	-2.128E-03	25	0.2340	-2.128E-03	25
0.1950	-1.773E-03	25	0.1950	-1.773E-03	25
0.1560	-1.419E-03	25	0.1560	-1.419E-03	25
0.1170	-1.064E-03	25	0.1170	-1.064E-03	25
0.0780	-7.093E-04	25	0.0780	-7.093E-04	25
0.0390	-3.546E-04	25	0.0390	-3.546E-04	25
0.0000	0.000E+00	25	0.0000	0.000E+00	25
-0.0390	3.546E-04	25	-0.0390	3.546E-04	25
-0.0780	7.093E-04	25	-0.0780	7.093E-04	25
-0.1170	1.064E-03	25	-0.1170	1.064E-03	25
-0.1560	1.419E-03	25	-0.1560	1.419E-03	25
-0.1950	1.773E-03	25	-0.1950	1.773E-03	25
-0.2340	2.128E-03	25	-0.2340	2.128E-03	25
-0.2730	2.482E-03	25	-0.2730	2.482E-03	25
-0.3120	2.837E-03	25	-0.3120	2.837E-03	25
-0.3510	3.192E-03	25	-0.3510	3.192E-03	25
-0.3900	3.546E-03	25	-0.3900	3.546E-03	25
-0.4290	3.901E-03	25	-0.4290	3.901E-03	25
-0.4680	4.256E-03	25	-0.4680	4.256E-03	25
-0.5070	4.610E-03	25	-0.5070	4.610E-03	25
-0.5460	4.965E-03	25	-0.5460	4.965E-03	25
-0.5850	5.320E-03	25	-0.5850	5.320E-03	25
-0.6240	5.674E-03	25	-0.6240	5.674E-03	25
-0.6630	6.029E-03	25	-0.6630	6.029E-03	25
-0.7020	6.383E-03	25	-0.7020	6.383E-03	25
-0.7410	6.738E-03	25	-0.7410	6.738E-03	25
-0.7800	7.093E-03	25	-0.7800	7.093E-03	25
-0.7410	6.738E-03	25	-0.7410	6.738E-03	25
-0.7020	6.383E-03	25	-0.7020	6.383E-03	25
-0.6630	6.029E-03	25	-0.6630	6.029E-03	25
-0.6240	5.674E-03	25	-0.6240	5.674E-03	25
-0.5850	5.320E-03	25	-0.5850	5.320E-03	25
-0.5460	4.965E-03	25	-0.5460	4.965E-03	25
-0.5070	4.610E-03	25	-0.5070	4.610E-03	25
-0.4680	4.256E-03	25	-0.4680	4.256E-03	25
-0.4290	3.901E-03	25	-0.4290	3.901E-03	25
-0.3900	3.546E-03	25	-0.3900	3.546E-03	25
-0.3510	3.192E-03	25	-0.3510	3.192E-03	25
-0.3120	2.837E-03	25	-0.3120	2.837E-03	25
-0.2730	2.482E-03	25	-0.2730	2.482E-03	25
-0.2340	2.128E-03	25	-0.2340	2.128E-03	25
-0.1950	1.773E-03	25	-0.1950	1.773E-03	25
-0.1560	1.419E-03	25	-0.1560	1.419E-03	25
-0.1170	1.064E-03	25	-0.1170	1.064E-03	25
-0.0780	7.093E-04	25	-0.0780	7.093E-04	25
-0.0390	3.546E-04	25	-0.0390	3.546E-04	25
0.0000	0.000E+00	25	0.0000	0.000E+00	25
0.0390	-3.546E-04	25	0.0390	-3.546E-04	25
0.0780	-7.093E-04	25	0.0780	-7.093E-04	25
0.1170	-1.064E-03	25	0.1170	-1.064E-03	25
0.1560	-1.419E-03	25	0.1560	-1.419E-03	25
0.1950	-1.773E-03	25	0.1950	-1.773E-03	25
0.2340	-2.128E-03	25	0.2340	-2.128E-03	25
0.2730	-2.482E-03	25	0.2730	-2.482E-03	25
0.3120	-2.837E-03	25	0.3120	-2.837E-03	25
0.3510	-3.192E-03	25	0.3510	-3.192E-03	25
0.3900	-3.546E-03	25	0.3900	-3.546E-03	25
0.4290	-3.901E-03	25	0.4290	-3.901E-03	25
0.4680	-4.256E-03	25	0.4680	-4.256E-03	25
0.5070	-4.610E-03	25	0.5070	-4.610E-03	25
0.5460	-4.965E-03	25	0.5460	-4.965E-03	25
0.5850	-5.320E-03	25	0.5850	-5.320E-03	25
0.6240	-5.674E-03	25	0.6240	-5.674E-03	25
0.6630	-6.029E-03	25	0.6630	-6.029E-03	25
0.7020	-6.383E-03	25	0.7020	-6.383E-03	25
0.7410	-6.738E-03	25	0.7410	-6.738E-03	25
0.7800	-7.093E-03	25	0.7800	-7.093E-03	25
0.7410	-6.738E-03	25	0.7410	-6.738E-03	25
0.7020	-6.383E-03	25	0.7020	-6.383E-03	25
0.6630	-6.029E-03	25	0.6630	-6.029E-03	25
0.6240	-5.674E-03	25	0.6240	-5.674E-03	25
0.5850	-5.320E-03	25	0.5850	-5.320E-03	25
0.5460	-4.965E-03	25	0.5460	-4.965E-03	25
0.5070	-4.610E-03	25	0.5070	-4.610E-03	25
0.4680	-4.256E-03	25	0.4680	-4.256E-03	25
0.4290	-3.901E-03	25	0.4290	-3.901E-03	25
0.3900	-3.546E-03	25	0.3900	-3.546E-03	25
0.3510	-3.192E-03	25	0.3510	-3.192E-03	25
0.3120	-2.837E-03	25	0.3120	-2.837E-03	25
0.2730	-2.482E-03	25	0.2730	-2.482E-03	25
0.2340	-2.128E-03	25	0.2340	-2.128E-03	25
0.1950	-1.773E-03	25	0.1950	-1.773E-03	25
0.1560	-1.419E-03	25	0.1560	-1.419E-03	25
0.1170	-1.064E-03	25	0.1170	-1.064E-03	25
0.0780	-7.093E-04	25	0.0780	-7.093E-04	25
0.0390	-3.546E-04	25	0.0390	-3.546E-04	25
0.0000	0.000E+00	25	0.0000	0.000E+00	25
-0.0390	3.546E-04	25	-0.0390	3.546E-04	25
-0.0780	7.093E-04	25	-0.0780	7.093E-04	25
-0.1170	1.064E-03	25	-0.1170	1.064E-03	25
-0.1560	1.419E-03	25	-0.1560	1.419E-03	25
-0.1950	1.773E-03	25	-0.1950	1.773E-03	25
-0.2340	2.128E-03	25	-0.2340	2.128E-03	25
-0.2730	2.482E-03	25	-0.2730	2.482E-03	25
-0.3120	2.837E-03	25	-0.3120	2.837E-03	25
-0.3510	3.192E-03	25	-0.3510	3.192E-03	25
-0.3900	3.546E-03	25	-0.3900	3.546E-03	25
-0.4290	3.901E-03	25	-0.4290	3.901E-03	25
-0.4680	4.256E-03	25	-0.4680	4.256E-03	25
-0.5070	4.610E-03	25	-0.5070	4.610E-03	25
-0.5460	4.965E-03	25	-0.5460	4.965E-03	25
-0.5850	5.320E-03	25	-0.5850	5.320E-03	25
-0.6240	5.674E-03	25	-0.6240	5.674E-03	25
-0.6630	6.029E-03	25	-0.6630	6.029E-03	25
-0.7020	6.383E-03	25	-0.7020	6.383E-03	25
-0.7410	6.738E-03	25	-0.7410	6.738E-03	25
-0.7800	7.093E-03	25	-0.7800	7.093E-03	25
-0.7410	6.738E-03	25	-0.7410	6.738E-03	25
-0.7020	6.383E-03	25	-0.7020	6.383E-03	25
-0.6630	6.029E-03	25	-0.6630	6.029E-03	25
-0.6240	5.674E-03	25	-0.6240	5.674E-03	25
-0.5850	5.320E-03	25	-0.5850	5.320E-03	25
-0.5460	4.965E-03	25	-0.5460	4.965E-03	25
-0.5070	4.610E-03	25	-0.5070	4.610E-03	25
-0.4680	4.256E-03	25	-0.4680	4.256E-03	25
-0.4290	3.901E-03	25	-0.4290	3.901E-03	25
-0.3900	3.546E-03	25	-0.3900	3.546E-03	25
-0.3510	3.192E-03	25	-0.3510	3.192E-03	25
-0.3120	2.837E-03	25	-0.3120	2.837E-03	25
-0.2730	2.482E-03	25	-0.2730	2.482E-03	25
-0.2340	2.128E-03	25	-0.2340	2.128E-03	25
-0.1950	1.773E-03	25	-0.1950	1.773E-03	25
-0.1560	1.419E-03	25	-0.1560	1.419E-03	25
-0.1170	1.064E-03	25	-0.1170	1.064E-03	25
-0.0780	7.093E-04	25	-0.0780	7.093E-04	25
-0.0390	3.546E-04	25	-0.0390	3.546E-04	25
0.0000	0.000E+00	25	0.0000	0.000E+00	25
0.0585	-5.320E-04	25	0.0585	-5.320E-04	25
0.1170	-1.064E-03	25	0.1170	-1.064E-03	25
0.1755	-1.596E-03	25	0.1755	-1.596E-03	25
0.2340	-2.128E-03	25	0.2340	-2.128E-03	25
0.2925	-2.660E-03	25	0.2925	-2.660E-03	25
0.3510	-3.192E-03	25	0.3510	-3.192E-03	25
0.4095	-3.724E-03	25	0.4095	-3.724E-03	25
0.4680	-4.256E-03	25	0.4680	-4.256E-03	25
0.5265	-4.788E-03	25	0.5265	-4.788E-03	25
0.5850	-5.320E-03	25	0.5850	-5.320E-03	25
0.6435	-5.852E-03	25	0.6435	-5.852E-03	25
0.7020	-6.383E-03	25	0.7020	-6.383E-03	25
0.7605	-6.915E-03	25	0.7605	-6.915E-03	25
0.8190	-7.412E-03	25	0.8190	-7.412E-03	25
0.8775	-7.885E-03	25	0.8775	-7.885E-03	25
0.9360	-8.350E-03	25	0.9360	-8.350E-03	25
0.9945	-8.807E-03	25	0.9945	-8.807E-03	25
1.0530	-9.257E-03	25	1.0530	-9.257E-03	25
1.1115	-9.699E-03	25	1.1115	-9.699E-03	25
1.1700	-1.013E-02	25	1.1700	-1.013E-02	25
1.1115	-9.627E-03	25	1.1115	-9.627E-03	25
1.0530	-9.121E-03	25	1.0530	-9.121E-03	25
0.9945	-8.614E-03	25	0.9945	-8.614E-03	25
0.9360	-8.107E-03	25	0.9360	-8.107E-03	25
0.8775	-7.600E-03	25	0.8775	-7.600E-03	25
0.8190	-7.094E-03	25	0.8190	-7.094E-03	25
0.7605	-6.587E-03	25	0.7605	-6.587E-03	25
0.7020	-6.080E-03	25	0.7020	-6.080E-03	25
0.6435	-5.574E-03	25	0.6435	-5.574E-03	25
0.5850	-5.067E-03	25	0.5850	-5.067E-03	25
0.5265	-4.560E-03	25	0.5265	-4.560E-03	25
0.4680	-4.054E-03	25	0.4680	-4.054E-03	25
0.4095	-3.547E-03	25	0.4095	-3.547E-03	25
0.3510	-3.040E-03	25	0.3510	-3.040E-03	25
0.2925	-2.533E-03	25	0.2925	-2.533E-03	25
0.2340	-2.027E-03	25	0.2340	-2.027E-03	25
0.1755	-1.520E-03	25	0.1755	-1.520E-03	25
0.1170	-1.013E-03	25	0.1170	-1.013E-03	25
0.0585	-5.067E-04	25	0.0585	-5.067E-04	25
0.0000	0.000E+00	25	0.0000	0.000E+00	25
-0.0585	5.067E-04	25	-0.0585	5.067E-04	25
-0.1170	1.013E-03	25	-0.1170	1.013E-03	25
-0.1755	1.520E-03	25	-0.1755	1.520E-03	25
-0.2340	2.027E-03	25	-0.2340	2.027E-03	25
-0.2925	2.533E-03	25	-0.2925	2.533E-03	25
-0.3510	3.040E-03	25	-0.3510	3.040E-03	25
-0.4095	3.547E-03	25	-0.4095	3.547E-03	25
-0.4680	4.054E-03	25	-0.4680	4.054E-03	25
-0.5265	4.560E-03	25	-0.5265	4.560E-03	25
-0.5850	5.067E-03	25	-0.5850	5.067E-03	25
-0.6435	5.574E-03	25	-0.6435	5.574E-03	25
-0.7020	6.080E-03	25	-0.7020	6.080E-03	25
-0.7605	6.587E-03	25	-0.7605	6.587E-03	25
-0.8190	7.094E-03	25	-0.8190	7.094E-03	25
-0.8775	7.600E-03	25	-0.8775	7.600E-03	25
-0.9360	8.107E-03	25	-0.9360	8.107E-03	25
-0.9945	8.614E-03	25	-0.9945	8.614E-03	25
-1.0530	9.121E-03	25	-1.0530	9.121E-03	25
-1.1115	9.627E-03	25	-1.1115	9.627E-03	25
-1.1700	1.013E-02	25	-1.1700	1.013E-02	25
-1.1115	9.627E-03	25	-1.1115	9.627E-03	25
-1.0530	9.121E-03	25	-1.0530	9.121E-03	25
-0.9945	8.614E-03	25	-0.9945	8.614E-03	25
-0.9360	8.107E-03	25	-0.9360	8.107E-03	25
-0.8775	7.600E-03	25	-0.8775	7.600E-03	25
-0.8190	7.094E-03	25	-0.8190	7.094E-03	25
-0.7605	6.587E-03	25	-0.7605	6.587E-03	25
-0.7020	6.080E-03	25	-0.7020	6.080E-03	25
-0.6435	5.574E-03	25	-0.6435	5.574E-03	25
-0.5850	5.067E-03	25	-0.5850	5.067E-03	25
-0.5265	4.560E-03	25	-0.5265	4.560E-03	25
-0.4680	4.054E-03	25	-0.4680	4.054E-03	25
-0.4095	3.547E-03	25	-0.4095	3.547E-03	25
-0.3510	3.040E-03	25	-0.3510	3.040E-03	25
-0.2925	2.533E-03	25	-0.2925	2.533E-03	25
-0.2340	2.027E-03	25	-0.2340	2.027E-03	25
-0.1755	1.520E-03	25	-0.1755	1.520E-03	25
-0.1170	1.013E-03	25	-0.1170	1.013E-03	25
-0.0585	5.067E-04	25	-0.0585	5.067E-04	25
0.0000	0.000E+00	25	0.0000	0.000E+00	25
0.0585	-5.067E-04	25	0.0585	-5.067E-04	25
0.1170	-1.013E-03	25	0.1170	-1.013E-03	25
0.1755	-1.520E-03	25	0.1755	-1.520E-03	25
0.2340	-2.027E-03	25	0.2340	-2.027E-03	25
0.2925	-2.533E-03	25	0.2925	-2.533E-03	25
0.3510	-3.040E-03	25	0.3510	-3.040E-03	25
0.4095	-3.547E-03	25	0.4095	-3.547E-03	25
0.4680	-4.054E-03	25	0.4680	-4.054E-03	25
0.5265	-4.560E-03	25	0.5265	-4.560E-03	25
0.5850	-5.067E-03	25	0.5850	-5.067E-03	25
0.6435	-5.574E-03	25	0.6435	-5.574E-03	25
0.7020	-6.080E-03	25	0.7020	-6.080E-03	25
0.7605	-6.587E-03	25	0.7605	-6.587E-03	25
0.8190	-7.094E-03	25	0.8190	-7.094E-03	25
0.8775	-7.600E-03	25	0.8775	-7.600E-03	25
0.9360	-8.107E-03	25	0.9360	-8.107E-03	25
0.9945	-8.614E-03	25	0.9945	-8.614E-03	25
1.0530	-9.121E-03	25	1.0530	-9.121E-03	25
1.1115	-9.627E-03	25	1.1115	-9.627E-03	25
1.1700	-1.013E-02	25	1.1700	-1.013E-02	25
1.1115	-9.627E-03	25	1.1115	-9.627E-03	25
1.0530	-9.121E-03	25	1.0530	-9.121E-03	25
0.9945	-8.614E-03	25	0.9945	-8.614E-03	25
0.9360	-8.107E-03	25	0.9360	-8.107E-03	25
0.8775	-7.600E-03	25	0.8775	-7.600E-03	25
0.8190	-7.094E-03	25	0.8190	-7.094E-03	25
0.7605	-6.587E-03	25	0.7605	-6.587E-03	25
0.7020	-6.080E-03	25	0.7020	-6.080E-03	25
0.6435	-5.574E-03	25	0.6435	-5.574E-03	25
0.5850	-5.067E-03	25	0.5850	-5.067E-03	25
0.5265	-4.560E-03	25	0.5265	-4.560E-03	25
0.4680	-4.054E-03	25	0.4680	-4.054E-03	25
0.4095	-3.547E-03	25	0.4095	-3.547E-03	25
0.3510	-3.040E-03	25	0.3510	-3.040E-03	25
0.2925	-2.533E-03	25	0.2925	-2.533E-03	25
0.2340	-2.027E-03	25	0.2340	-2.027E-03	25
0.1755	-1.520E-03	25	0.1755	-1.520E-03	25
0.1170	-1.013E-03	25	0.1170	-1.013E-03	25
0.0585	-5.067E-04	25	0.0585	-5.067E-04	25
0.0000	0.000E+00	25	0.0000	0.000E+00	25
-0.0585	5.067E-04	25	-0.0585	5.067E-04	25
-0.1170	1.013E-03	25	-0.1170	1.013E-03	25
-0.1755	1.520E-03	25	-0.1755	1.520E-03	25
-0.2340	2.027E-03	25	-0.2340	2.027E-03	25
-0.2925	2.533E-03	25	-0.2925	2.533E-03	25
-0.3510	3.040E-03	25	-0.3510	3.040E-03	25
-0.4095	3.547E-03	25	-0.4095	3.547E-03	25
-0.4680	4.054E-03	25	-0.4680	4.054E-03	25
-0.5265	4.560E-03	25	-0.5265	4.560E-03	25
-0.5850	5.067E-03	25	-0.5850	5.067E-03	25
-0.6435	5.574E-03	25	-0.6435	5.574E-03	25
-0.7020	6.080E-03	25	-0.7020	6.080E-03	25
-0.7605	6.587E-03	25	-0.7605	6.587E-03	25
-0.8190	7.094E-03	25	-0.8190	7.094E-03	25
-0.8775	7.600E-03	25	-0.8775	7.600E-03	25
-0.9360	8.107E-03	25	-0.9360	8.107E-03	25
-0.9945	8.614E-03	25	-0.9945	8.614E-03	25
-1.0530	9.121E-03	25	-1.0530	9.121E-03	25
-1.1115	9.627E-03	25	-1.1115	9.627E-03	25
-1.1700	1.013E-02	25	-1.1700	1.013E-02	25
-1.1115	9.627E-03	25	-1.1115	9.627E-03	25
-1.0530	9.121E-03	25	-1.0530	9.121E-03	25
-0.9945	8.614E-03	25	-0.9945	8.614E-03	25
-0.9360	8.107E-03	25	-0.9360	8.107E-03	25
-0.8775	7.600E-03	25	-0.8775	7.600E-03	25
-0.8190	7.094E-03	25	-0.8190	7.094E-03	25
-0.7605	6.587E-03	25	-0.7605	6.587E-03	25
-0.7020	6.080E-03	25	-0.7020	6.080E-03	25
-0.6435	5.574E-03	25	-0.6435	5.574E-03	25
-0.5850	5.067E-03	25	-0.5850	5.067E-03	25
-0.5265	4.560E-03	25	-0.5265	4.560E-03	25
-0.4680	4.054E-03	25	-0.4680	4.054E-03	25
-0.4095	3.547E-03	25	-0.4095	3.547E-03	25
-0.3510	3.040E-03	25	-0.3510	3.040E-03	25
-0.2925	2.533E-03	25	-0.2925	2.533E-03	25
-0.2340	2.027E-03	25	-0.2340	2.027E-03	25
-0.1755	1.520E-03	25	-0.1755	1.520E-03	25
-0.1170	1.013E-03	25	-0.1170	1.013E-03	25
-0.0585	5.067E-04	25	-0.0585	5.067E-04	25
0.0000	0.000E+00	25	0.0000	0.000E+00	25
0.0780	-6.756E-04	25	0.0780	-6.756E-04	25
0.1560	-1.351E-03	25	0.1560	-1.351E-03	25
0.2340	-2.027E-03	25	0.2340	-2.027E-03	25
0.3120	-2.702E-03	25	0.3120	-2.702E-03	25
0.3900	-3.378E-03	25	0.3900	-3.378E-03	25
0.4680	-4.054E-03	25	0.4680	-4.054E-03	25
0.5460	-4.729E-03	25	0.5460	-4.729E-03	25
0.6240	-5.405E-03	25	0.6240	-5.405E-03	25
0.7020	-6.080E-03	25	0.7020	-6.080E-03	25
0.7800	-6.756E-03	25	0.7800	-6.756E-03	25
0.8580	-7.432E-03	25	0.8580	-7.432E-03	25
0.9360	-8.107E-03	25	0.9360	-8.107E-03	25
1.0140	-8.783E-03	25	1.0140	-8.783E-03	25
1.0920	-9.458E-03	25	1.0920	-9.458E-03	25
1.1700	-1.013E-02	25	1.1700	-1.013E-02	25
1.2480	-1.070E-02	25	1.2480	-1.070E-02	25
1.3260	-1.126E-02	25	1.3260	-1.126E-02	25
1.4040	-1.180E-02	25	1.4040	-1.180E-02	25
1.4820	-1.232E-02	25	1.4820	-1.232E-02	25
1.5600	-1.284E-02	25	1.5600	-1.284E-02	25
1.4820	-1.220E-02	25	1.4820	-1.220E-02	25
1.4040	-1.155E-02	25	1.4040	-1.155E-02	25
1.3260	-1.091E-02	25	1.3260	-1.091E-02	25
1.2480	-1.027E-02	25	1.2480	-1.027E-02	25
1.1700	-9.629E-03	25	1.1700	-9.629E-03	25
1.0920	-8.987E-03	25	1.0920	-8.987E-03	25
1.0140	-8.345E-03	25	1.0140	-8.345E-03	25
0.9360	-7.703E-03	25	0.9360	-7.703E-03	25
0.8580	-7.061E-03	25	0.8580	-7.061E-03	25
0.7800	-6.419E-03	25	0.7800	-6.419E-03	25
0.7020	-5.777E-03	25	0.7020	-5.777E-03	25
0.6240	-5.135E-03	25	0.6240	-5.135E-03	25
0.5460	-4.493E-03	25	0.5460	-4.493E-03	25
0.4680	-3.852E-03	25	0.4680	-3.852E-03	25
0.3900	-3.210E-03	25	0.3900	-3.210E-03	25
0.3120	-2.568E-03	25	0.3120	-2.568E-03	25
0.2340	-1.926E-03	25	0.2340	-1.926E-03	25
0.1560	-1.284E-03	25	0.1560	-1.284E-03	25
0.0780	-6.419E-04	25	0.0780	-6.419E-04	25
0.0000	0.000E+00	25	0.0000	0.000E+00	25
-0.0780	6.419E-04	25	-0.0780	6.419E-04	25
-0.1560	1.284E-03	25	-0.1560	1.284E-03	25
-0.2340	1.926E-03	25	-0.2340	1.926E-03	25
-0.3120	2.568E-03	25	-0.3120	2.568E-03	25
-0.3900	3.210E-03	25	-0.3900	3.210E-03	25
-0.4680	3.852E-03	25	-0.4680	3.852E-03	25
-0.5460	4.493E-03	25	-0.5460	4.493E-03	25
-0.6240	5.135E-03	25	-0.6240	5.135E-03	25
-0.7020	5.777E-03	25	-0.7020	5.777E-03	25
-0.7800	6.419E-03	25	-0.7800	6.419E-03	25
-0.8580	7.061E-03	25	-0.8580	7.061E-03	25
-0.9360	7.703E-03	25	-0.9360	7.703E-03	25
-1.0140	8.345E-03	25	-1.0140	8.345E-03	25
-1.0920	8.987E-03	25	-1.0920	8.987E-03	25
-1.1700	9.629E-03	25	-1.1700	9.629E-03	25
-1.2480	1.027E-02	25	-1.2480	1.027E-02	25
-1.3260	1.091E-02	25	-1.3260	1.091E-02	25
-1.4040	1.155E-02	25	-1.4040	1.155E-02	25
-1.4820	1.220E-02	25	-1.4820	1.220E-02	25
-1.5600	1.284E-02	25	-1.5600	1.284E-02	25
-1.4820	1.220E-02	25	-1.4820	1.220E-02	25
-1.4040	1.155E-02	25	-1.4040	1.155E-02	25
-1.3260	1.091E-02	25	-1.3260	1.091E-02	25
-1.2480	1.027E-02	25	-1.2480	1.027E-02	25
-1.1700	9.629E-03	25	-1.1700	9.629E-03	25
-1.0920	8.987E-03	25	-1.0920	8.987E-03	25
-1.0140	8.345E-03	25	-1.0140	8.345E-03	25
-0.9360	7.703E-03	25	-0.9360	7.703E-03	25
-0.8580	7.061E-03	25	-0.8580	7.061E-03	25
-0.7800	6.419E-03	25	-0.7800	6.419E-03	25
-0.7020	5.777E-03	25	-0.7020	5.777E-03	25
-0.6240	5.135E-03	25	-0.6240	5.135E-03	25
-0.5460	4.493E-03	25	-0.5460	4.493E-03	25
-0.4680	3.852E-03	25	-0.4680	3.852E-03	25
-0.3900	3.210E-03	25	-0.3900	3.210E-03	25
-0.3120	2.568E-03	25	-0.3120	2.568E-03	25
-0.2340	1.926E-03	25	-0.2340	1.926E-03	25
-0.1560	1.284E-03	25	-0.1560	1.284E-03	25
-0.0780	6.419E-04	25	-0.0780	6.419E-04	25
0.0000	0.000E+00	25	0.0000	0.000E+00	25
0.0780	-6.419E-04	25	0.0780	-6.419E-04	25
0.1560	-1.284E-03	25	0.1560	-1.284E-03	25
0.2340	-1.926E-03	25	0.2340	-1.926E-03	25
0.3120	-2.568E-03	25	0.3120	-2.568E-03	25
0.3900	-3.210E-03	25	0.3900	-3.210E-03	25
0.4680	-3.852E-03	25	0.4680	-3.852E-03	25
0.5460	-4.493E-03	25	0.5460	-4.493E-03	25
0.6240	-5.135E-03	25	0.6240	-5.135E-03	25
0.7020	-5.777E-03	25	0.7020	-5.777E-03	25
0.7800	-6.419E-03	25	0.7800	-6.419E-03	25
0.8580	-7.061E-03	25	0.8580	-7.061E-03	25
0.9360	-7.703E-03	25	0.9360	-7.703E-03	25
1.0140	-8.345E-03	25	1.0140	-8.345E-03	25
1.0920	-8.987E-03	25	1.0920	-8.987E-03	25
1.1700	-9.629E-03	25	1.1700	-9.629E-03	25
1.2480	-1.027E-02	25	1.2480	-1.027E-02	25
1.3260	-1.091E-02	25	1.3260	-1.091E-02	25
1.4040	-1.155E-02	25	1.4040	-1.155E-02	25
1.4820	-1.220E-02	25	1.4820	-1.220E-02	25
1.5600	-1.284E-02	25	1.5600	-1.284E-02	25
1.4820	-1.220E-02	25	1.4820	-1.220E-02	25
1.4040	-1.155E-02	25	1.4040	-1.155E-02	25
1.3260	-1.091E-02	25	1.3260	-1.091E-02	25
1.2480	-1.027E-02	25	1.2480	-1.027E-02	25
1.1700	-9.629E-03	25	1.1700	-9.629E-03	25
1.0920	-8.987E-03	25	1.0920	-8.987E-03	25
1.0140	-8.345E-03	25	1.0140	-8.345E-03	25
0.9360	-7.703E-03	25	0.9360	-7.703E-03	25
0.8580	-7.061E-03	25	0.8580	-7.061E-03	25
0.7800	-6.419E-03	25	0.7800	-6.419E-03	25
0.7020	-5.777E-03	25	0.7020	-5.777E-03	25
0.6240	-5.135E-03	25	0.6240	-5.135E-03	25
0.5460	-4.493E-03	25	0.5460	-4.493E-03	25
0.4680	-3.852E-03	25	0.4680	-3.852E-03	25
0.3900	-3.210E-03	25	0.3900	-3.210E-03	25
0.3120	-2.568E-03	25	0.3120	-2.568E-03	25
0.2340	-1.926E-03	25	0.2340	-1.926E-03	25
0.1560	-1.284E-03	25	0.1560	-1.284E-03	25
0.0780	-6.419E-04	25	0.0780	-6.419E-04	25
0.0000	0.000E+00	25	0.0000	0.000E+00	25
-0.0780	6.419E-04	25	-0.0780	6.419E-04	25
-0.1560	1.284E-03	25	-0.1560	1.284E-03	25
-0.2340	1.926E-03	25	-0.2340	1.926E-03	25
-0.3120	2.568E-03	25	-0.3120	2.568E-03	25
-0.3900	3.210E-03	25	-0.3900	3.210E-03	25
-0.4680	3.852E-03	25	-0.4680	3.852E-03	25
-0.5460	4.493E-03	25	-0.5460	4.493E-03	25
-0.6240	5.135E-03	25	-0.6240	5.135E-03	25
-0.7020	5.777E-03	25	-0.7020	5.777E-03	25
-0.7800	6.419E-03	25	-0.7800	6.419E-03	25
-0.8580	7.061E-03	25	-0.8580	7.061E-03	25
-0.9360	7.703E-03	25	-0.9360	7.703E-03	25
-1.0140	8.345E-03	25	-1.0140	8.345E-03	25
-1.0920	8.987E-03	25	-1.0920	8.987E-03	25
-1.1700	9.629E-03	25	-1.1700	9.629E-03	25
-1.2480	1.027E-02	25	-1.2480	1.027E-02	25
-1.3260	1.091E-02	25	-1.3260	1.091E-02	25
-1.4040	1.155E-02	25	-1.4040	1.155E-02	25
-1.4820	1.220E-02	25	-1.4820	1.220E-02	25
-1.5600	1.284E-02	25	-1.5600	1.284E-02	25
-1.4820	1.220E-02	25	-1.4820	1.220E-02	25
-1.4040	1.155E-02	25	-1.4040	1.155E-02	25
-1.3260	1.091E-02	25	-1.3260	1.091E-02	25
-1.2480	1.027E-02	25	-1.2480	1.027E-02	25
-1.1700	9.629E-03	25	-1.1700	9.629E-03	25
-1.0920	8.987E-03	25	-1.0920	8.987E-03	25
-1.0140	8.345E-03	25	-1.0140	8.345E-03	25
-0.9360	7.703E-03	25	-0.9360	7.703E-03	25
-0.8580	7.061E-03	25	-0.8580	7.061E-03	25
-0.7800	6.419E-03	25	-0.7800	6.419E-03	25
-0.7020	5.777E-03	25	-0.7020	5.777E-03	25
-0.6240	5.135E-03	25	-0.6240	5.135E-03	25
-0.5460	4.493E-03	25	-0.5460	4.493E-03	25
-0.4680	3.852E-03	25	-0.4680	3.852E-03	25
-0.3900	3.210E-03	25	-0.3900	3.210E-03	25
-0.3120	2.568E-03	25	-0.3120	2.568E-03	25
-0.2340	1.926E-03	25	-0.2340	1.926E-03	25
-0.1560	1.284E-03	25	-0.1560	1.284E-03	25
-0.0780	6.419E-04	25	-0.0780	6.419E-04	25
0.0000	0.000E+00	25	0.0000	0.000E+00	25
0.1170	-9.629E-04	25	0.1170	-9.629E-04	25
0.2340	-1.926E-03	25	0.2340	-1.926E-03	25
0.3510	-2.889E-03	25	0.3510	-2.889E-03	25
0.4680	-3.852E-03	25	0.4680	-3.852E-03	25
0.5850	-4.814E-03	25	0.5850	-4.814E-03	25
0.7020	-5.777E-03	25	0.7020	-5.777E-03	25
0.8190	-6.740E-03	25	0.8190	-6.740E-03	25
0.9360	-7.703E-03	25	0.9360	-7.703E-03	25
1.0530	-8.666E-03	25	1.0530	-8.666E-03	25
1.1700	-9.629E-03	25	1.1700	-9.629E-03	25
1.2870	-1.059E-02	25	1.2870	-1.059E-02	25
1.4040	-1.155E-02	25	1.4040	-1.155E-02	25
1.5210	-1.252E-02	25	1.5210	-1.252E-02	25
1.6380	-1.334E-02	25	1.6380	-1.334E-02	25
1.7550	-1.406E-02	25	1.7550	-1.406E-02	25
1.8720	-1.476E-02	25	1.8720	-1.476E-02	25
1.9890	-1.542E-02	25	1.9890	-1.542E-02	25
2.1060	-1.606E-02	25	2.1060	-1.606E-02	25
2.2230	-1.666E-02	25	2.2230	-1.666E-02	25
2.3400	-1.724E-02	25	2.3400	-1.724E-02	25
2.2230	-1.638E-02	25	2.2230	-1.638E-02	25
2.1060	-1.551E-02	25	2.1060	-1.551E-02	25
1.9890	-1.465E-02	25	1.9890	-1.465E-02	25
1.8720	-1.379E-02	25	1.8720	-1.379E-02	25
1.7550	-1.293E-02	25	1.7550	-1.293E-02	25
1.6380	-1.207E-02	25	1.6380	-1.207E-02	25
1.5210	-1.120E-02	25	1.5210	-1.120E-02	25
1.4040	-1.034E-02	25	1.4040	-1.034E-02	25
1.2870	-9.480E-03	25	1.2870	-9.480E-03	25
1.1700	-8.618E-03	25	1.1700	-8.618E-03	25
1.0530	-7.757E-03	25	1.0530	-7.757E-03	25
0.9360	-6.895E-03	25	0.9360	-6.895E-03	25
0.8190	-6.033E-03	25	0.8190	-6.033E-03	25
0.7020	-5.171E-03	25	0.7020	-5.171E-03	25
0.5850	-4.309E-03	25	0.5850	-4.309E-03	25
0.4680	-3.447E-03	25	0.4680	-3.447E-03	25
0.3510	-2.586E-03	25	0.3510	-2.586E-03	25
0.2340	-1.724E-03	25	0.2340	-1.724E-03	25
0.1170	-8.618E-04	25	0.1170	-8.618E-04	25
0.0000	0.000E+00	25	0.0000	0.000E+00	25
-0.1170	8.618E-04	25	-0.1170	8.618E-04	25
-0.2340	1.724E-03	25	-0.2340	1.724E-03	25
-0.3510	2.586E-03	25	-0.3510	2.586E-03	25
-0.4680	3.447E-03	25	-0.4680	3.447E-03	25
-0.5850	4.309E-03	25	-0.5850	4.309E-03	25
-0.7020	5.171E-03	25	-0.7020	5.171E-03	25
-0.8190	6.033E-03	25	-0.8190	6.033E-03	25
-0.9360	6.895E-03	25	-0.9360	6.895E-03	25
-1.0530	7.757E-03	25	-1.0530	7.757E-03	25
-1.1700	8.618E-03	25	-1.1700	8.618E-03	25
-1.2870	9.480E-03	25	-1.2870	9.480E-03	25
-1.4040	1.034E-02	25	-1.4040	1.034E-02	25
-1.5210	1.120E-02	25	-1.5210	1.120E-02	25
-1.6380	1.207E-02	25	-1.6380	1.207E-02	25
-1.7550	1.293E-02	25	-1.7550	1.293E-02	25
-1.8720	1.379E-02	25	-1.8720	1.379E-02	25
-1.9890	1.465E-02	25	-1.9890	1.465E-02	25
-2.1060	1.551E-02	25	-2.1060	1.551E-02	25
-2.2230	1.638E-02	25	-2.2230	1.638E-02	25
-2.3400	1.724E-02	25	-2.3400	1.724E-02	25
-2.2230	1.638E-02	25	-2.2230	1.638E-02	25
-2.1060	1.551E-02	25	-2.1060	1.551E-02	25
-1.9890	1.465E-02	25	-1.9890	1.465E-02	25
-1.8720	1.379E-02	25	-1.8720	1.379E-02	25
-1.7550	1.293E-02	25	-1.7550	1.293E-02	25
-1.6380	1.207E-02	25	-1.6380	1.207E-02	25
-1.5210	1.120E-02	25	-1.5210	1.120E-02	25
-1.4040	1.034E-02	25	-1.4040	1.034E-02	25
-1.2870	9.480E-03	25	-1.2870	9.480E-03	25
-1.1700	8.618E-03	25	-1.1700	8.618E-03	25
-1.0530	7.757E-03	25	-1.0530	7.757E-03	25
-0.9360	6.895E-03	25	-0.9360	6.895E-03	25
-0.8190	6.033E-03	25	-0.8190	6.033E-03	25
-0.7020	5.171E-03	25	-0.7020	5.171E-03	25
-0.5850	4.309E-03	25	-0.5850	4.309E-03	25
-0.4680	3.447E-03	25	-0.4680	3.447E-03	25
-0.3510	2.586E-03	25	-0.3510	2.586E-03	25
-0.2340	1.724E-03	25	-0.2340	1.724E-03	25
-0.1170	8.618E-04	25	-0.1170	8.618E-04	25
0.0000	0.000E+00	25	0.0000	0.000E+00	25
0.1170	-8.618E-04	25	0.1170	-8.618E-04	25
0.2340	-1.724E-03	25	0.2340	-1.724E-03	25
0.3510	-2.586E-03	25	0.3510	-2.586E-03	25
0.4680	-3.447E-03	25	0.4680	-3.447E-03	25
0.5850	-4.309E-03	25	0.5850	-4.309E-03	25
0.7020	-5.171E-03	25	0.7020	-5.171E-03	25
0.8190	-6.033E-03	25	0.8190	-6.033E-03	25
0.9360	-6.895E-03	25	0.9360	-6.895E-03	25
1.0530	-7.757E-03	25	1.0530	-7.757E-03	25
1.1700	-8.618E-03	25	1.1700	-8.618E-03	25
1.2870	-9.480E-03	25	1.2870	-9.480E-03	25
1.4040	-1.034E-02	25	1.4040	-1.034E-02	25
1.5210	-1.120E-02	25	1.5210	-1.120E-02	25
1.6380	-1.207E-02	25	1.6380	-1.207E-02	25
1.7550	-1.293E-02	25	1.7550	-1.293E-02	25
1.8720	-1.379E-02	25	1.8720	-1.379E-02	25
1.9890	-1.465E-02	25	1.9890	-1.465E-02	25
2.1060	-1.551E-02	25	2.1060	-1.551E-02	25
2.2230	-1.638E-02	25	2.2230	-1.638E-02	25
2.3400	-1.724E-02	25	2.3400	-1.724E-02	25
2.2230	-1.638E-02	25	2.2230	-1.638E-02	25
2.1060	-1.551E-02	25	2.1060	-1.551E-02	25
1.9890	-1.465E-02	25	1.9890	-1.465E-02	25
1.8720	-1.379E-02	25	1.8720	-1.379E-02	25
1.7550	-1.293E-02	25	1.7550	-1.293E-02	25
1.6380	-1.207E-02	25	1.6380	-1.207E-02	25
1.5210	-1.120E-02	25	1.5210	-1.120E-02	25
1.4040	-1.034E-02	25	1.4040	-1.034E-02	25
1.2870	-9.480E-03	25	1.2870	-9.480E-03	25
1.1700	-8.618E-03	25	1.1700	-8.618E-03	25
1.0530	-7.757E-03	25	1.0530	-7.757E-03	25
0.9360	-6.895E-03	25	0.9360	-6.895E-03	25
0.8190	-6.033E-03	25	0.8190	-6.033E-03	25
0.7020	-5.171E-03	25	0.7020	-5.171E-03	25
0.5850	-4.309E-03	25	0.5850	-4.309E-03	25
0.4680	-3.447E-03	25	0.4680	-3.447E-03	25
0.3510	-2.586E-03	25	0.3510	-2.586E-03	25
0.2340	-1.724E-03	25	0.2340	-1.724E-03	25
0.1170	-8.618E-04	25	0.1170	-8.618E-04	25
0.0000	0.000E+00	25	0.0000	0.000E+00	25
-0.1170	8.618E-04	25	-0.1170	8.618E-04	25
-0.2340	1.724E-03	25	-0.2340	1.724E-03	25
-0.3510	2.586E-03	25	-0.3510	2.586E-03	25
-0.4680	3.447E-03	25	-0.4680	3.447E-03	25
-0.5850	4.309E-03	25	-0.5850	4.309E-03	25
-0.7020	5.171E-03	25	-0.7020	5.171E-03	25
-0.8190	6.033E-03	25	-0.8190	6.033E-03	25
-0.9360	6.895E-03	25	-0.9360	6.895E-03	25
-1.0530	7.757E-03	25	-1.0530	7.757E-03	25
-1.1700	8.618E-03	25	-1.1700	8.618E-03	25
-1.2870	9.480E-03	25	-1.2870	9.480E-03	25
-1.4040	1.034E-02	25	-1.4040	1.034E-02	25
-1.5210	1.120E-02	25	-1.5210	1.120E-02	25
-1.6380	1.207E-02	25	-1.6380	1.207E-02	25
-1.7550	1.293E-02	25	-1.7550	1.293E-02	25
-1.8720	1.379E-02	25	-1.8720	1.379E-02	25
-1.9890	1.465E-02	25	-1.9890	1.465E-02	25
-2.1060	1.551E-02	25	-2.1060	1.551E-02	25
-2.2230	1.638E-02	25	-2.2230	1.638E-02	25
-2.3400	1.724E-02	25	-2.3400	1.724E-02	25
-2.2230	1.638E-02	25	-2.2230	1.638E-02	25
-2.1060	1.551E-02	25	-2.1060	1.551E-02	25
-1.9890	1.465E-02	25	-1.9890	1.465E-02	25
-1.8720	1.379E-02	25	-1.8720	1.379E-02	25
-1.7550	1.293E-02	25	-1.7550	1.293E-02	25
-1.6380	1.207E-02	25	-1.6380	1.207E-02	25
-1.5210	1.120E-02	25	-1.5210	1.120E-02	25
-1.4040	1.034E-02	25	-1.4040	1.034E-02	25
-1.2870	9.480E-03	25	-1.2870	9.480E-03	25
-1.1700	8.618E-03	25	-1.1700	8.618E-03	25
-1.0530	7.757E-03	25	-1.0530	7.757E-03	25
-0.9360	6.895E-03	25	-0.9360	6.895E-03	25
-0.8190	6.033E-03	25	-0.8190	6.033E-03	25
-0.7020	5.171E-03	25	-0.7020	5.171E-03	25
-0.5850	4.309E-03	25	-0.5850	4.309E-03	25
-0.4680	3.447E-03	25	-0.4680	3.447E-03	25
-0.3510	2.586E-03	25	-0.3510	2.586E-03	25
-0.2340	1.724E-03	25	-0.2340	1.724E-03	25
-0.1170	8.618E-04	25	-0.1170	8.618E-04	25
0.0000	0.000E+00	25	0.0000	0.000E+00	25
