 -4.7513386e-003  4.6979500e-004  1.2500000e+002
 -4.7513386e-003  4.6979500e-004  1.2500000e+002
  6.2471654e-003 -5.7973500e-004  1.2500000e+002
  6.1425984e-003 -5.6973300e-004  1.2500000e+002
 -5.2280314e-003  5.1551800e-004  1.2500000e+002
 -6.0237008e-003  5.9136700e-004  1.2500000e+002
  4.2128032e-003 -3.8577700e-004  1.2500000e+002
  1.1684646e-002 -1.0972300e-003  1.2500000e+002
  1.0072677e-002 -9.4332300e-004  1.2500000e+002
 -6.3595276e-003  6.2377500e-004  1.2500000e+002
 -6.8248818e-003  6.6809000e-004  1.2500000e+002
  2.4838740e-004 -7.1147400e-006  1.2500000e+002
  4.0545118e-003 -3.7025700e-004  1.2500000e+002
  2.7776930e-003 -2.4831900e-004  1.2500000e+002
 -8.0859842e-003  7.8832900e-004  1.2500000e+002
 -8.0410236e-003  7.8403000e-004  1.2500000e+002
  6.7751968e-003 -6.2999700e-004  1.2500000e+002
  9.6341732e-003 -9.0198300e-004  1.2500000e+002
  6.6842520e-003 -6.2042200e-004  1.2500000e+002
  2.1511968e-003 -1.8805300e-004  1.2500000e+002
  2.1572992e-003 -1.8863800e-004  1.2500000e+002
  4.2473780e-003 -3.8812600e-004  1.2500000e+002
  1.8467165e-002 -1.7449100e-003  1.2500000e+002
  3.6910078e-002 -3.3694000e-003  1.2500000e+002
  3.6738346e-002 -3.3536600e-003  1.2500000e+002
 -1.9912520e-002  1.8932900e-003  1.2500000e+002
 -1.3235354e-001  1.0054100e-002  1.2500000e+002
 -2.0227086e-001  1.4334000e-002  1.2500000e+002
 -2.0206456e-001  1.4278700e-002  1.2500000e+002
 -8.4926772e-002  4.9856600e-003  1.2500000e+002
  8.5663700e-002 -5.8324500e-003  1.2500000e+002
  1.0664173e-001 -7.2452200e-003  1.2500000e+002
  9.4463228e-002 -6.1105500e-003  1.2500000e+002
  6.7170158e-002 -3.9169900e-003  1.2500000e+002
  6.8040788e-002 -3.9992700e-003  1.2500000e+002
  1.3016457e-001 -9.0473000e-003  1.2500000e+002
  1.8515984e-001 -1.2633500e-002  1.2500000e+002
  1.8486693e-001 -1.2574500e-002  1.2500000e+002
  5.0664566e-002 -2.5096300e-003  1.2500000e+002
 -2.2529370e-001  1.6372100e-002  1.2500000e+002
 -4.8366692e-001  3.4715800e-002  1.2500000e+002
 -6.8781890e-001  4.8199900e-002  1.2500000e+002
 -7.0699212e-001  4.9112300e-002  1.2500000e+002
 -6.1381102e-001  4.1132700e-002  1.2500000e+002
 -2.8513780e-001  1.8583500e-002  1.2500000e+002
  3.9347166e-002 -3.0358900e-003  1.2500000e+002
  1.7194331e-001 -1.1210100e-002  1.2500000e+002
  1.7032677e-001 -1.1032000e-002  1.2500000e+002
  6.7576300e-002 -3.6985700e-003  1.2500000e+002
 -3.9385040e-002  3.1769100e-003  1.2500000e+002
 -8.5237796e-002  6.0850300e-003  1.2500000e+002
 -8.4989764e-002  6.0557900e-003  1.2500000e+002
 -7.9254330e-003  6.2467200e-004  1.2500000e+002
  1.5112756e-001 -9.8575400e-003  1.2500000e+002
  2.1454646e-001 -1.3900300e-002  1.2500000e+002
  2.1414094e-001 -1.3852400e-002  1.2500000e+002
  1.6661024e-001 -1.0208300e-002  1.2500000e+002
  8.0587166e-002 -4.5867000e-003  1.2500000e+002
 -4.6148818e-002  3.7243800e-003  1.2500000e+002
 -1.4901339e-001  1.0559300e-002  1.2500000e+002
 -1.7244488e-001  1.2015600e-002  1.2500000e+002
 -1.7057717e-001  1.1842300e-002  1.2500000e+002
 -1.6864724e-001  1.1672900e-002  1.2500000e+002
 -1.8819213e-001  1.3198600e-002  1.2500000e+002
 -3.3812126e-001  2.3690600e-002  1.2500000e+002
 -5.3434252e-001  3.7467200e-002  1.2500000e+002
 -5.5711654e-001  3.8664900e-002  1.2500000e+002
 -5.0279764e-001  3.3962000e-002  1.2500000e+002
 -3.3219212e-001  2.2427000e-002  1.2500000e+002
 -1.9961339e-001  1.3387100e-002  1.2500000e+002
  1.0057480e-003 -4.5256700e-004  1.2500000e+002
  3.1720158e-001 -2.1709600e-002  1.2500000e+002
  4.1156614e-001 -2.8135100e-002  1.2500000e+002
  4.0036142e-001 -2.6962800e-002  1.2500000e+002
  1.6720787e-001 -1.0234000e-002  1.2500000e+002
 -1.1274488e-001  8.4454200e-003  1.2500000e+002
 -2.9970630e-001  2.0993900e-002  1.2500000e+002
 -3.8870394e-001  2.6820400e-002  1.2500000e+002
 -3.8939764e-001  2.6838200e-002  1.2500000e+002
 -3.1812440e-001  2.1509700e-002  1.2500000e+002
 -1.7653071e-001  1.2039800e-002  1.2500000e+002
 -1.5808661e-001  1.0935100e-002  1.2500000e+002
 -1.8631339e-001  1.3062500e-002  1.2500000e+002
 -2.6778188e-001  1.8474600e-002  1.2500000e+002
 -3.0389842e-001  2.0874900e-002  1.2500000e+002
 -3.0849292e-001  2.1150000e-002  1.2500000e+002
 -2.7563464e-001  1.8687100e-002  1.2500000e+002
 -1.0140472e-001  6.7449500e-003  1.2500000e+002
  1.3237717e-001 -9.1669400e-003  1.2500000e+002
  2.5712914e-001 -1.7246500e-002  1.2500000e+002
  2.5650866e-001 -1.7170100e-002  1.2500000e+002
  1.4829370e-001 -9.3614500e-003  1.2500000e+002
  1.6924047e-002 -6.1658600e-004  1.2500000e+002
 -1.2517087e-001  9.0791900e-003  1.2500000e+002
 -2.8509764e-001  1.9975000e-002  1.2500000e+002
 -3.9005196e-001  2.6937100e-002  1.2500000e+002
 -3.9744566e-001  2.7355000e-002  1.2500000e+002
 -3.5068818e-001  2.3710600e-002  1.2500000e+002
 -2.0295118e-001  1.3720200e-002  1.2500000e+002
 -5.4385040e-002  3.6154900e-003  1.2500000e+002
  7.8600236e-002 -5.3705900e-003  1.2500000e+002
  1.3425591e-001 -8.9441500e-003  1.2500000e+002
  1.2993858e-001 -8.5443300e-003  1.2500000e+002
  3.8967244e-002 -2.1569200e-003  1.2500000e+002
 -3.1794960e-002  2.4783500e-003  1.2500000e+002
 -4.2377560e-002  3.1330900e-003  1.2500000e+002
 -3.7909764e-002  2.7323600e-003  1.2500000e+002
  8.6957716e-003 -3.8826700e-004  1.2500000e+002
  1.5896189e-002 -8.0877200e-004  1.2500000e+002
 -7.6942520e-003  9.0402700e-004  1.2500000e+002
 -6.7825984e-002  4.8631000e-003  1.2500000e+002
 -7.3311024e-002  5.1832700e-003  1.2500000e+002
 -5.9613386e-002  4.1605900e-003  1.2500000e+002
 -4.0904252e-002  2.9861500e-003  1.2500000e+002
 -4.1978426e-002  3.0840000e-003  1.2500000e+002
 -8.3288976e-002  5.9145400e-003  1.2500000e+002
 -1.1473701e-001  7.9532300e-003  1.2500000e+002
 -1.1410630e-001  7.8889100e-003  1.2500000e+002
 -5.2432284e-002  3.6628800e-003  1.2500000e+002
  1.0336772e-002 -4.5725000e-004  1.2500000e+002
  1.6579567e-002 -8.2593500e-004  1.2500000e+002
 -1.5745669e-003  5.6848700e-004  1.2500000e+002
 -4.8508662e-002  3.6143400e-003  1.2500000e+002
 -4.9872440e-002  3.6809400e-003  1.2500000e+002
 -2.1312284e-002  1.6608000e-003  1.2500000e+002
  2.1945670e-002 -1.1603600e-003  1.2500000e+002
  2.4213464e-002 -1.2861300e-003  1.2500000e+002
  1.2464567e-002 -4.0012800e-004  1.2500000e+002
 -3.7693700e-003  6.3631700e-004  1.2500000e+002
 -8.1522048e-003  9.3676100e-004  1.2500000e+002
 -4.3229212e-002  3.3022800e-003  1.2500000e+002
 -8.3801574e-002  5.9688400e-003  1.2500000e+002
 -8.8732284e-002  6.2627700e-003  1.2500000e+002
 -8.1981102e-002  5.6998100e-003  1.2500000e+002
 -4.4636220e-002  3.2204700e-003  1.2500000e+002
 -1.8457244e-002  1.5378600e-003  1.2500000e+002
 -1.8244961e-002  1.5312100e-003  1.2500000e+002
 -4.1527560e-002  3.2005500e-003  1.2500000e+002
 -9.4034646e-002  6.7108300e-003  1.2500000e+002
 -1.4206850e-001  9.9241100e-003  1.2500000e+002
 -1.5828425e-001  1.0959500e-002  1.2500000e+002
 -1.5695276e-001  1.0834600e-002  1.2500000e+002
 -1.1459055e-001  7.8869700e-003  1.2500000e+002
 -6.8078740e-002  4.8552900e-003  1.2500000e+002
 -6.4904724e-002  4.6765000e-003  1.2500000e+002
 -7.6972440e-002  5.5940300e-003  1.2500000e+002
 -1.0125197e-001  7.1723500e-003  1.2500000e+002
 -1.0190394e-001  7.2037000e-003  1.2500000e+002
 -8.5427560e-002  6.0291100e-003  1.2500000e+002
 -6.3846456e-002  4.6408700e-003  1.2500000e+002
 -6.3621260e-002  4.6331500e-003  1.2500000e+002
 -7.9466930e-002  5.7577400e-003  1.2500000e+002
 -9.8415748e-002  6.9741700e-003  1.2500000e+002
 -9.8692914e-002  6.9856400e-003  1.2500000e+002
 -8.8855118e-002  6.2669000e-003  1.2500000e+002
 -6.4275590e-002  4.6368300e-003  1.2500000e+002
 -5.2688976e-002  3.9003500e-003  1.2500000e+002
 -5.2974804e-002  3.9281700e-003  1.2500000e+002
 -7.1747244e-002  5.2405300e-003  1.2500000e+002
 -7.9339370e-002  5.7062800e-003  1.2500000e+002
 -7.3822048e-002  5.2790100e-003  1.2500000e+002
 -4.2900000e-002  3.2167000e-003  1.2500000e+002
 -3.5283464e-002  2.7472300e-003  1.2500000e+002
 -3.9535434e-002  3.0956900e-003  1.2500000e+002
 -7.5703150e-002  5.5108700e-003  1.2500000e+002
 -9.6312598e-002  6.8287600e-003  1.2500000e+002
 -1.0078819e-001  7.1180700e-003  1.2500000e+002
 -1.0078819e-001  7.1180700e-003  1.2500000e+002
