 -2.1535276e-003  2.2110500e-004  1.2500000e+002
 -2.1535276e-003  2.2110500e-004  1.2500000e+002
  2.5947244e-003 -2.3209100e-004  1.2500000e+002
  4.3278662e-003 -3.9744600e-004  1.2500000e+002
  3.5047166e-003 -3.1885800e-004  1.2500000e+002
 -1.5714961e-003  1.6558600e-004  1.2500000e+002
 -1.7624252e-003  1.8380000e-004  1.2500000e+002
  6.4885040e-003 -6.0376100e-004  1.2500000e+002
  8.2729922e-003 -7.7389000e-004  1.2500000e+002
 -1.8592047e-003  1.9321900e-004  1.2500000e+002
 -5.3399212e-003  5.2551100e-004  1.2500000e+002
 -1.3168898e-003  1.4143200e-004  1.2500000e+002
  3.8069212e-003 -3.4749000e-004  1.2500000e+002
  4.2378662e-003 -3.8860200e-004  1.2500000e+002
  4.7922440e-004 -2.9812700e-005  1.2500000e+002
 -5.6018898e-003  5.5057500e-004  1.2500000e+002
 -5.3398426e-003  5.2553200e-004  1.2500000e+002
  9.1702362e-003 -8.5904100e-004  1.2500000e+002
  1.1900787e-002 -1.1188200e-003  1.2500000e+002
  4.7492126e-003 -4.3645100e-004  1.2500000e+002
 -6.5205512e-003  6.3864800e-004  1.2500000e+002
 -6.1338582e-003  6.0169900e-004  1.2500000e+002
  9.1526772e-003 -8.5689300e-004  1.2500000e+002
  9.4306300e-003 -8.8327800e-004  1.2500000e+002
 -1.4107087e-002  1.3628700e-003  1.2500000e+002
 -4.6612678e-002  4.2585100e-003  1.2500000e+002
 -4.7362992e-002  4.3039100e-003  1.2500000e+002
 -3.9166536e-002  3.4421500e-003  1.2500000e+002
 -3.7526850e-002  3.2963500e-003  1.2500000e+002
 -3.8989212e-002  3.4267300e-003  1.2500000e+002
 -3.8958032e-002  3.4238900e-003  1.2500000e+002
  1.3200394e-002 -1.2170800e-003  1.2500000e+002
  1.5729528e-001 -1.1534600e-002  1.2500000e+002
  2.1107560e-001 -1.4763300e-002  1.2500000e+002
  1.7390394e-001 -1.1263100e-002  1.2500000e+002
 -9.2678740e-002  6.5564400e-003  1.2500000e+002
 -1.4308189e-001  1.0162400e-002  1.2500000e+002
 -9.8623622e-002  6.0895500e-003  1.2500000e+002
  2.0304960e-001 -1.4393000e-002  1.2500000e+002
  3.3749292e-001 -2.3415100e-002  1.2500000e+002
  3.3590472e-001 -2.3152500e-002  1.2500000e+002
  1.6315433e-001 -1.0133100e-002  1.2500000e+002
  2.2704174e-002 -1.1857500e-003  1.2500000e+002
 -1.7316039e-002  1.1849900e-003  1.2500000e+002
 -1.7391047e-002  1.1824500e-003  1.2500000e+002
  1.7253780e-002 -1.4368200e-003  1.2500000e+002
  8.4156692e-002 -5.6798300e-003  1.2500000e+002
  8.7278740e-002 -5.8428600e-003  1.2500000e+002
  5.6806456e-002 -3.5896700e-003  1.2500000e+002
 -5.5444646e-002  3.6917200e-003  1.2500000e+002
 -8.5961654e-002  5.5343400e-003  1.2500000e+002
 -7.2559764e-002  4.3594200e-003  1.2500000e+002
  7.2826772e-004 -4.0228800e-004  1.2500000e+002
  3.7810158e-002 -2.7155200e-003  1.2500000e+002
  6.6883464e-002 -4.5687700e-003  1.2500000e+002
  6.8978740e-002 -4.6794400e-003  1.2500000e+002
  5.2463780e-002 -3.3705200e-003  1.2500000e+002
  9.6774016e-003 -5.9850600e-004  1.2500000e+002
 -1.2182732e-002  7.4104100e-004  1.2500000e+002
 -1.0484717e-002  5.8735600e-004  1.2500000e+002
  4.1331102e-002 -2.9178000e-003  1.2500000e+002
  8.5625984e-002 -5.7132300e-003  1.2500000e+002
  8.5785040e-002 -5.7145000e-003  1.2500000e+002
  4.9044960e-002 -3.0654600e-003  1.2500000e+002
 -2.1944834e-002  1.4584600e-003  1.2500000e+002
 -2.8164220e-002  1.7998600e-003  1.2500000e+002
  8.7366142e-003 -8.8669800e-004  1.2500000e+002
  9.3044882e-002 -6.3015600e-003  1.2500000e+002
  1.0564646e-001 -7.0529100e-003  1.2500000e+002
  9.3957480e-002 -6.0438700e-003  1.2500000e+002
  4.6088188e-002 -2.8875700e-003  1.2500000e+002
 -7.5483150e-003  5.8709900e-004  1.2500000e+002
 -5.9283308e-002  3.8201900e-003  1.2500000e+002
 -5.8154960e-002  3.7111500e-003  1.2500000e+002
  4.1346456e-003 -6.1315000e-004  1.2500000e+002
  7.2329134e-002 -4.9955700e-003  1.2500000e+002
  1.3803307e-001 -9.3349000e-003  1.2500000e+002
  1.5694094e-001 -1.0524100e-002  1.2500000e+002
  1.5487559e-001 -1.0330700e-002  1.2500000e+002
  1.1574409e-001 -7.4405200e-003  1.2500000e+002
  8.3060630e-002 -5.3118900e-003  1.2500000e+002
  6.3149528e-002 -4.0191900e-003  1.2500000e+002
  4.3906850e-002 -2.7403200e-003  1.2500000e+002
  1.1393622e-002 -6.3324700e-004  1.2500000e+002
  8.5149606e-004 -7.3095400e-006  1.2500000e+002
  2.0152362e-002 -1.5551600e-003  1.2500000e+002
  1.1529213e-001 -7.7938400e-003  1.2500000e+002
  1.2607480e-001 -8.4179200e-003  1.2500000e+002
  9.3681890e-002 -5.9327200e-003  1.2500000e+002
 -3.6994410e-002  2.5842500e-003  1.2500000e+002
 -1.1139378e-001  7.3998700e-003  1.2500000e+002
 -1.1131307e-001  7.3885800e-003  1.2500000e+002
 -3.1038812e-002  1.4970100e-003  1.2500000e+002
  8.6955906e-002 -6.0276200e-003  1.2500000e+002
  1.4088031e-001 -9.4953600e-003  1.2500000e+002
  1.4181811e-001 -9.5320800e-003  1.2500000e+002
  1.0278819e-001 -6.5320300e-003  1.2500000e+002
  6.3681890e-003 -2.1749200e-004  1.2500000e+002
 -1.9393780e-002  1.3114700e-003  1.2500000e+002
 -9.3089212e-003  4.2718100e-004  1.2500000e+002
  7.0838582e-002 -4.8549800e-003  1.2500000e+002
  1.0600709e-001 -7.0642100e-003  1.2500000e+002
  1.0537244e-001 -6.9986000e-003  1.2500000e+002
  6.5326772e-002 -4.1192000e-003  1.2500000e+002
  1.4736772e-002 -8.5089000e-004  1.2500000e+002
 -1.4887402e-003  1.3559100e-004  1.2500000e+002
 -5.0401574e-004  4.5204000e-005  1.2500000e+002
  3.0495906e-002 -2.1573900e-003  1.2500000e+002
  6.4365512e-002 -4.2971000e-003  1.2500000e+002
  6.4833938e-002 -4.3145600e-003  1.2500000e+002
  5.1325590e-002 -3.3058800e-003  1.2500000e+002
  4.6287480e-002 -3.0044700e-003  1.2500000e+002
  4.6378426e-002 -3.0139400e-003  1.2500000e+002
  4.6452048e-002 -3.0202300e-003  1.2500000e+002
  4.1987560e-002 -2.7046800e-003  1.2500000e+002
  2.0015118e-002 -1.2641100e-003  1.2500000e+002
  7.2097638e-003 -4.7029700e-004  1.2500000e+002
  7.2307086e-003 -4.7347300e-004  1.2500000e+002
  2.3366142e-002 -1.6535600e-003  1.2500000e+002
  3.4720000e-002 -2.3475200e-003  1.2500000e+002
  3.4464174e-002 -2.3222200e-003  1.2500000e+002
  3.2314960e-002 -2.1586700e-003  1.2500000e+002
  3.3230078e-002 -2.2345100e-003  1.2500000e+002
  3.5687638e-002 -2.3946700e-003  1.2500000e+002
  3.2882048e-002 -2.1739500e-003  1.2500000e+002
  2.2877638e-002 -1.5289600e-003  1.2500000e+002
  2.2879764e-002 -1.5295300e-003  1.2500000e+002
  3.5782284e-002 -2.4240300e-003  1.2500000e+002
  5.5376772e-002 -3.6825600e-003  1.2500000e+002
  5.6883308e-002 -3.7630500e-003  1.2500000e+002
  4.5662678e-002 -2.9226100e-003  1.2500000e+002
  1.7680551e-002 -1.1402200e-003  1.2500000e+002
  1.7653307e-002 -1.1418600e-003  1.2500000e+002
  4.3998818e-002 -2.9834200e-003  1.2500000e+002
  6.0894410e-002 -4.0298500e-003  1.2500000e+002
  5.8322126e-002 -3.7976200e-003  1.2500000e+002
  2.5576456e-002 -1.6148000e-003  1.2500000e+002
  2.1120394e-002 -1.3582000e-003  1.2500000e+002
  2.3740944e-002 -1.5885800e-003  1.2500000e+002
  2.4712048e-002 -1.6580500e-003  1.2500000e+002
  2.2503464e-002 -1.4876300e-003  1.2500000e+002
  2.1241890e-002 -1.4037300e-003  1.2500000e+002
  2.3460472e-002 -1.5840600e-003  1.2500000e+002
  3.2510078e-002 -2.1903000e-003  1.2500000e+002
  3.4118818e-002 -2.2851000e-003  1.2500000e+002
  3.2797322e-002 -2.1795700e-003  1.2500000e+002
  2.5778110e-002 -1.7105200e-003  1.2500000e+002
  2.4698426e-002 -1.6477600e-003  1.2500000e+002
  3.1487322e-002 -2.1374800e-003  1.2500000e+002
  5.7310552e-002 -3.8261500e-003  1.2500000e+002
  6.7215434e-002 -4.4336600e-003  1.2500000e+002
  6.6223386e-002 -4.3422900e-003  1.2500000e+002
  4.7717402e-002 -3.0404000e-003  1.2500000e+002
  2.1885512e-002 -1.3604800e-003  1.2500000e+002
  4.4311024e-003 -2.7524400e-004  1.2500000e+002
  4.7833858e-003 -3.0905000e-004  1.2500000e+002
  3.0556300e-002 -2.1311100e-003  1.2500000e+002
  5.4372678e-002 -3.6318800e-003  1.2500000e+002
  5.5369764e-002 -3.6822600e-003  1.2500000e+002
  4.9389764e-002 -3.1938900e-003  1.2500000e+002
  2.9571260e-002 -1.8892600e-003  1.2500000e+002
  1.6029685e-002 -1.0410800e-003  1.2500000e+002
  1.6047874e-002 -1.0437900e-003  1.2500000e+002
  2.8166142e-002 -1.9301200e-003  1.2500000e+002
  3.3161182e-002 -2.2307600e-003  1.2500000e+002
  3.1990944e-002 -2.1317000e-003  1.2500000e+002
  2.3327166e-002 -1.5499600e-003  1.2500000e+002
  1.9217953e-002 -1.2919800e-003  1.2500000e+002
  1.9252126e-002 -1.2956600e-003  1.2500000e+002
  2.6248426e-002 -1.7987900e-003  1.2500000e+002
  3.7626772e-002 -2.5317800e-003  1.2500000e+002
  4.0304882e-002 -2.6887400e-003  1.2500000e+002
  3.8755590e-002 -2.5556900e-003  1.2500000e+002
  3.6952362e-002 -2.4339500e-003  1.2500000e+002
  3.7545748e-002 -2.4863000e-003  1.2500000e+002
  4.3139292e-002 -2.8652900e-003  1.2500000e+002
  4.4094094e-002 -2.9194300e-003  1.2500000e+002
  4.0517244e-002 -2.6433200e-003  1.2500000e+002
  2.2807874e-002 -1.4673600e-003  1.2500000e+002
  2.2807874e-002 -1.4673600e-003  1.2500000e+002
