0.3800 450.0000 0.0000 
0.3000 450.0000 0.0000 
0.2200 450.0000 0.0000 
0.1400 450.0000 0.0000 
0.0600 450.0000 0.0000 
-0.0200 450.0000 0.0000 
-0.1000 450.0000 0.0000 
-0.1800 450.0000 0.0000 
-0.2600 450.0000 0.0000 
-0.3400 450.0000 0.0000 
-0.4200 450.0000 0.0000 
-0.4600 450.0000 0.0000 
-0.3800 450.0000 0.0000 
-0.3000 450.0000 0.0000 
-0.2200 450.0000 0.0000 
-0.1400 450.0000 0.0000 
-0.0600 450.0000 0.0000 
0.0200 450.0000 0.0000 
0.1000 450.0000 0.0000 
0.1800 450.0000 0.0000 
0.2600 450.0000 0.0000 
0.3400 450.0000 0.0000 
0.4200 450.0000 0.0000 
0.4600 450.0000 0.0000 
0.3800 450.0000 0.0000 
0.3000 450.0000 0.0000 
0.2200 450.0000 0.0000 
0.1400 450.0000 0.0000 
0.0600 450.0000 0.0000 
-0.0200 450.0000 0.0000 
-0.1000 450.0000 0.0000 
-0.1800 450.0000 0.0000 
-0.2600 450.0000 0.0000 
-0.3400 450.0000 0.0000 
-0.4200 450.0000 0.0000 
-0.4600 450.0000 0.0000 
-0.3800 450.0000 0.0000 
-0.3000 450.0000 0.0000 
-0.2200 450.0000 0.0000 
-0.1400 450.0000 0.0000 
-0.0600 450.0000 0.0000 
0.0200 450.0000 0.0000 
0.1000 450.0000 0.0000 
0.1800 450.0000 0.0000 
0.2600 450.0000 0.0000 
0.3400 450.0000 0.0000 
0.4200 450.0000 0.0000 
0.4600 450.0000 0.0000 
0.3800 450.0000 0.0000 
0.3000 450.0000 0.0000 
0.2200 450.0000 0.0000 
0.1400 450.0000 0.0000 
0.0600 450.0000 0.0000 
-0.0200 450.0000 0.0000 
-0.1000 450.0000 0.0000 
-0.1800 450.0000 0.0000 
-0.2600 450.0000 0.0000 
-0.3400 450.0000 0.0000 
-0.4200 450.0000 0.0000 
-0.4600 450.0000 0.0000 
-0.3800 450.0000 0.0000 
-0.3000 450.0000 0.0000 
-0.2200 450.0000 0.0000 
-0.1400 450.0000 0.0000 
-0.0600 450.0000 0.0000 
0.0240 450.0000 0.0000 
0.1200 450.0000 0.0000 
0.2160 450.0000 0.0000 
0.3120 450.0000 0.0000 
0.4080 450.0000 0.0000 
0.5040 450.0000 0.0000 
0.5520 450.0000 0.0000 
0.4560 450.0000 0.0000 
0.3600 450.0000 0.0000 
0.2640 450.0000 0.0000 
0.1680 450.0000 0.0000 
0.0720 450.0000 0.0000 
-0.0240 450.0000 0.0000 
-0.1200 450.0000 0.0000 
-0.2160 450.0000 0.0000 
-0.3120 450.0000 0.0000 
-0.4080 450.0000 0.0000 
-0.5040 450.0000 0.0000 
-0.5520 450.0000 0.0000 
-0.4560 450.0000 0.0000 
-0.3600 450.0000 0.0000 
-0.2640 450.0000 0.0000 
-0.1680 450.0000 0.0000 
-0.0720 450.0000 0.0000 
0.0240 450.0000 0.0000 
0.1200 450.0000 0.0000 
0.2160 450.0000 0.0000 
0.3120 450.0000 0.0000 
0.4080 450.0000 0.0000 
0.5040 450.0000 0.0000 
0.5520 450.0000 0.0000 
0.4560 450.0000 0.0000 
0.3600 450.0000 0.0000 
0.2640 450.0000 0.0000 
0.1680 450.0000 0.0000 
0.0720 450.0000 0.0000 
-0.0240 450.0000 0.0000 
-0.1200 450.0000 0.0000 
-0.2160 450.0000 0.0000 
-0.3120 450.0000 0.0000 
-0.4080 450.0000 0.0000 
-0.5040 450.0000 0.0000 
-0.5520 450.0000 0.0000 
-0.4560 450.0000 0.0000 
-0.3600 450.0000 0.0000 
-0.2640 450.0000 0.0000 
-0.1680 450.0000 0.0000 
-0.0720 450.0000 0.0000 
0.0240 450.0000 0.0000 
0.1200 450.0000 0.0000 
0.2160 450.0000 0.0000 
0.3120 450.0000 0.0000 
0.4080 450.0000 0.0000 
0.5040 450.0000 0.0000 
0.5520 450.0000 0.0000 
0.4560 450.0000 0.0000 
0.3600 450.0000 0.0000 
0.2640 450.0000 0.0000 
0.1680 450.0000 0.0000 
0.0720 450.0000 0.0000 
-0.0240 450.0000 0.0000 
-0.1200 450.0000 0.0000 
-0.2160 450.0000 0.0000 
-0.3120 450.0000 0.0000 
-0.4080 450.0000 0.0000 
-0.5040 450.0000 0.0000 
-0.5520 450.0000 0.0000 
-0.4560 450.0000 0.0000 
-0.3600 450.0000 0.0000 
-0.2640 450.0000 0.0000 
-0.1680 450.0000 0.0000 
-0.0720 450.0000 0.0000 
0.0280 450.0000 0.0000 
0.1400 450.0000 0.0000 
0.2520 450.0000 0.0000 
0.3640 450.0000 0.0000 
0.4760 450.0000 0.0000 
0.5880 450.0000 0.0000 
0.6440 450.0000 0.0000 
0.5320 450.0000 0.0000 
0.4200 450.0000 0.0000 
0.3080 450.0000 0.0000 
0.1960 450.0000 0.0000 
0.0840 450.0000 0.0000 
-0.0280 450.0000 0.0000 
-0.1400 450.0000 0.0000 
-0.2520 450.0000 0.0000 
-0.3640 450.0000 0.0000 
-0.4760 450.0000 0.0000 
-0.5880 450.0000 0.0000 
-0.6440 450.0000 0.0000 
-0.5320 450.0000 0.0000 
-0.4200 450.0000 0.0000 
-0.3080 450.0000 0.0000 
-0.1960 450.0000 0.0000 
-0.0840 450.0000 0.0000 
0.0280 450.0000 0.0000 
0.1400 450.0000 0.0000 
0.2520 450.0000 0.0000 
0.3640 450.0000 0.0000 
0.4760 450.0000 0.0000 
0.5880 450.0000 0.0000 
0.6440 450.0000 0.0000 
0.5320 450.0000 0.0000 
0.4200 450.0000 0.0000 
0.3080 450.0000 0.0000 
0.1960 450.0000 0.0000 
0.0840 450.0000 0.0000 
-0.0280 450.0000 0.0000 
-0.1400 450.0000 0.0000 
-0.2520 450.0000 0.0000 
-0.3640 450.0000 0.0000 
-0.4760 450.0000 0.0000 
-0.5880 450.0000 0.0000 
-0.6440 450.0000 0.0000 
-0.5320 450.0000 0.0000 
-0.4200 450.0000 0.0000 
-0.3080 450.0000 0.0000 
-0.1960 450.0000 0.0000 
-0.0840 450.0000 0.0000 
0.0280 450.0000 0.0000 
0.1400 450.0000 0.0000 
0.2520 450.0000 0.0000 
0.3640 450.0000 0.0000 
0.4760 450.0000 0.0000 
0.5880 450.0000 0.0000 
0.6440 450.0000 0.0000 
0.5320 450.0000 0.0000 
0.4200 450.0000 0.0000 
0.3080 450.0000 0.0000 
0.1960 450.0000 0.0000 
0.0840 450.0000 0.0000 
-0.0280 450.0000 0.0000 
-0.1400 450.0000 0.0000 
-0.2520 450.0000 0.0000 
-0.3640 450.0000 0.0000 
-0.4760 450.0000 0.0000 
-0.5880 450.0000 0.0000 
-0.6440 450.0000 0.0000 
-0.5320 450.0000 0.0000 
-0.4200 450.0000 0.0000 
-0.3080 450.0000 0.0000 
-0.1960 450.0000 0.0000 
-0.0840 450.0000 0.0000 
0.0320 450.0000 0.0000 
0.1600 450.0000 0.0000 
0.2880 450.0000 0.0000 
0.4160 450.0000 0.0000 
0.5440 450.0000 0.0000 
0.6720 450.0000 0.0000 
0.7360 450.0000 0.0000 
0.6080 450.0000 0.0000 
0.4800 450.0000 0.0000 
0.3520 450.0000 0.0000 
0.2240 450.0000 0.0000 
0.0960 450.0000 0.0000 
-0.0320 450.0000 0.0000 
-0.1600 450.0000 0.0000 
-0.2880 450.0000 0.0000 
-0.4160 450.0000 0.0000 
-0.5440 450.0000 0.0000 
-0.6720 450.0000 0.0000 
-0.7360 450.0000 0.0000 
-0.6080 450.0000 0.0000 
-0.4800 450.0000 0.0000 
-0.3520 450.0000 0.0000 
-0.2240 450.0000 0.0000 
-0.0960 450.0000 0.0000 
0.0320 450.0000 0.0000 
0.1600 450.0000 0.0000 
0.2880 450.0000 0.0000 
0.4160 450.0000 0.0000 
0.5440 450.0000 0.0000 
0.6720 450.0000 0.0000 
0.7360 450.0000 0.0000 
0.6080 450.0000 0.0000 
0.4800 450.0000 0.0000 
0.3520 450.0000 0.0000 
0.2240 450.0000 0.0000 
0.0960 450.0000 0.0000 
-0.0320 450.0000 0.0000 
-0.1600 450.0000 0.0000 
-0.2880 450.0000 0.0000 
-0.4160 450.0000 0.0000 
-0.5440 450.0000 0.0000 
-0.6720 450.0000 0.0000 
-0.7360 450.0000 0.0000 
-0.6080 450.0000 0.0000 
-0.4800 450.0000 0.0000 
-0.3520 450.0000 0.0000 
-0.2240 450.0000 0.0000 
-0.0960 450.0000 0.0000 
0.0320 450.0000 0.0000 
0.1600 450.0000 0.0000 
0.2880 450.0000 0.0000 
0.4160 450.0000 0.0000 
0.5440 450.0000 0.0000 
0.6720 450.0000 0.0000 
0.7360 450.0000 0.0000 
0.6080 450.0000 0.0000 
0.4800 450.0000 0.0000 
0.3520 450.0000 0.0000 
0.2240 450.0000 0.0000 
0.0960 450.0000 0.0000 
-0.0320 450.0000 0.0000 
-0.1600 450.0000 0.0000 
-0.2880 450.0000 0.0000 
-0.4160 450.0000 0.0000 
-0.5440 450.0000 0.0000 
-0.6720 450.0000 0.0000 
-0.7360 450.0000 0.0000 
-0.6080 450.0000 0.0000 
-0.4800 450.0000 0.0000 
-0.3520 450.0000 0.0000 
-0.2240 450.0000 0.0000 
-0.0960 450.0000 0.0000 
0.0360 450.0000 0.0000 
0.1800 450.0000 0.0000 
0.3240 450.0000 0.0000 
0.4680 450.0000 0.0000 
0.6120 450.0000 0.0000 
0.7560 450.0000 0.0000 
0.8280 450.0000 0.0000 
0.6840 450.0000 0.0000 
0.5400 450.0000 0.0000 
0.3960 450.0000 0.0000 
0.2520 450.0000 0.0000 
0.1080 450.0000 0.0000 
-0.0360 450.0000 0.0000 
-0.1800 450.0000 0.0000 
-0.3240 450.0000 0.0000 
-0.4680 450.0000 0.0000 
-0.6120 450.0000 0.0000 
-0.7560 450.0000 0.0000 
-0.8280 450.0000 0.0000 
-0.6840 450.0000 0.0000 
-0.5400 450.0000 0.0000 
-0.3960 450.0000 0.0000 
-0.2520 450.0000 0.0000 
-0.1080 450.0000 0.0000 
0.0360 450.0000 0.0000 
0.1800 450.0000 0.0000 
0.3240 450.0000 0.0000 
0.4680 450.0000 0.0000 
0.6120 450.0000 0.0000 
0.7560 450.0000 0.0000 
0.8280 450.0000 0.0000 
0.6840 450.0000 0.0000 
0.5400 450.0000 0.0000 
0.3960 450.0000 0.0000 
0.2520 450.0000 0.0000 
0.1080 450.0000 0.0000 
-0.0360 450.0000 0.0000 
-0.1800 450.0000 0.0000 
-0.3240 450.0000 0.0000 
-0.4680 450.0000 0.0000 
-0.6120 450.0000 0.0000 
-0.7560 450.0000 0.0000 
-0.8280 450.0000 0.0000 
-0.6840 450.0000 0.0000 
-0.5400 450.0000 0.0000 
-0.3960 450.0000 0.0000 
-0.2520 450.0000 0.0000 
-0.1080 450.0000 0.0000 
0.0360 450.0000 0.0000 
0.1800 450.0000 0.0000 
0.3240 450.0000 0.0000 
0.4680 450.0000 0.0000 
0.6120 450.0000 0.0000 
0.7560 450.0000 0.0000 
0.8280 450.0000 0.0000 
0.6840 450.0000 0.0000 
0.5400 450.0000 0.0000 
0.3960 450.0000 0.0000 
0.2520 450.0000 0.0000 
0.1080 450.0000 0.0000 
-0.0360 450.0000 0.0000 
-0.1800 450.0000 0.0000 
-0.3240 450.0000 0.0000 
-0.4680 450.0000 0.0000 
-0.6120 450.0000 0.0000 
-0.7560 450.0000 0.0000 
-0.8280 450.0000 0.0000 
-0.6840 450.0000 0.0000 
-0.5400 450.0000 0.0000 
-0.3960 450.0000 0.0000 
-0.2520 450.0000 0.0000 
-0.1080 450.0000 0.0000 
0.0400 450.0000 0.0000 
0.2000 450.0000 0.0000 
0.3600 450.0000 0.0000 
0.5200 450.0000 0.0000 
0.6800 450.0000 0.0000 
0.8400 450.0000 0.0000 
0.9200 450.0000 0.0000 
0.7600 450.0000 0.0000 
0.6000 450.0000 0.0000 
0.4400 450.0000 0.0000 
0.2800 450.0000 0.0000 
0.1200 450.0000 0.0000 
-0.0400 450.0000 0.0000 
-0.2000 450.0000 0.0000 
-0.3600 450.0000 0.0000 
-0.5200 450.0000 0.0000 
-0.6800 450.0000 0.0000 
-0.8400 450.0000 0.0000 
-0.9200 450.0000 0.0000 
-0.7600 450.0000 0.0000 
-0.6000 450.0000 0.0000 
-0.4400 450.0000 0.0000 
-0.2800 450.0000 0.0000 
-0.1200 450.0000 0.0000 
0.0400 450.0000 0.0000 
0.2000 450.0000 0.0000 
0.3600 450.0000 0.0000 
0.5200 450.0000 0.0000 
0.6800 450.0000 0.0000 
0.8400 450.0000 0.0000 
0.9200 450.0000 0.0000 
0.7600 450.0000 0.0000 
0.6000 450.0000 0.0000 
0.4400 450.0000 0.0000 
0.2800 450.0000 0.0000 
0.1200 450.0000 0.0000 
-0.0400 450.0000 0.0000 
-0.2000 450.0000 0.0000 
-0.3600 450.0000 0.0000 
-0.5200 450.0000 0.0000 
-0.6800 450.0000 0.0000 
-0.8400 450.0000 0.0000 
-0.9200 450.0000 0.0000 
-0.7600 450.0000 0.0000 
-0.6000 450.0000 0.0000 
-0.4400 450.0000 0.0000 
-0.2800 450.0000 0.0000 
-0.1200 450.0000 0.0000 
0.0400 450.0000 0.0000 
0.2000 450.0000 0.0000 
0.3600 450.0000 0.0000 
0.5200 450.0000 0.0000 
0.6800 450.0000 0.0000 
0.8400 450.0000 0.0000 
0.9200 450.0000 0.0000 
0.7600 450.0000 0.0000 
0.6000 450.0000 0.0000 
0.4400 450.0000 0.0000 
0.2800 450.0000 0.0000 
0.1200 450.0000 0.0000 
-0.0400 450.0000 0.0000 
-0.2000 450.0000 0.0000 
-0.3600 450.0000 0.0000 
-0.5200 450.0000 0.0000 
-0.6800 450.0000 0.0000 
-0.8400 450.0000 0.0000 
-0.9200 450.0000 0.0000 
-0.7600 450.0000 0.0000 
-0.6000 450.0000 0.0000 
-0.4400 450.0000 0.0000 
-0.2800 450.0000 0.0000 
-0.1200 450.0000 0.0000 