0.00000   	0.00000   	0.00000   
0.00000   	295.98214 	0.00000   
0.00000   	591.96429 	0.00000   
0.00000   	887.94643 	0.00000   
0.00000   	1183.92857	0.00000   
0.00000   	1479.91071	0.00000   
0.00000   	1775.89286	0.00000   
0.00000   	2071.87500	0.00000   
0.00000   	2367.85714	0.00000   
0.00000   	2663.83929	0.00000   
0.00000   	2959.82143	0.00000   
0.00000   	3255.80357	0.00000   
0.00000   	3551.78571	0.00000   
0.00000   	3847.76786	0.00000   
0.00000   	4143.75000	0.00000   
0.00150   	4143.75000	0.00000   
0.00300   	4143.75000	0.00000   
0.00450   	4143.75000	0.00000   
0.00600   	4143.75000	0.00000   
0.00750   	4143.75000	0.00000   
0.00900   	4143.75000	0.00000   
0.01050   	4143.75000	0.00000   
0.01200   	4143.75000	0.00000   
0.01350   	4143.75000	0.00000   
0.01500   	4143.75000	0.00000   
0.01650   	4143.75000	0.00000   
0.01800   	4143.75000	0.00000   
0.01950   	4143.75000	0.00000   
0.02100   	4143.75000	0.00000   
0.02250   	4143.75000	0.00000   
0.02100   	4143.75000	0.00000   
0.01950   	4143.75000	0.00000   
0.01800   	4143.75000	0.00000   
0.01650   	4143.75000	0.00000   
0.01500   	4143.75000	0.00000   
0.01350   	4143.75000	0.00000   
0.01200   	4143.75000	0.00000   
0.01050   	4143.75000	0.00000   
0.00900   	4143.75000	0.00000   
0.00750   	4143.75000	0.00000   
0.00600   	4143.75000	0.00000   
0.00450   	4143.75000	0.00000   
0.00300   	4143.75000	0.00000   
0.00150   	4143.75000	0.00000   
0.00000   	4143.75000	0.00000   
-0.00150  	4143.75000	0.00000   
-0.00300  	4143.75000	0.00000   
-0.00450  	4143.75000	0.00000   
-0.00600  	4143.75000	0.00000   
-0.00750  	4143.75000	0.00000   
-0.00900  	4143.75000	0.00000   
-0.01050  	4143.75000	0.00000   
-0.01200  	4143.75000	0.00000   
-0.01350  	4143.75000	0.00000   
-0.01500  	4143.75000	0.00000   
-0.01650  	4143.75000	0.00000   
-0.01800  	4143.75000	0.00000   
-0.01950  	4143.75000	0.00000   
-0.02100  	4143.75000	0.00000   
-0.02250  	4143.75000	0.00000   
-0.02100  	4143.75000	0.00000   
-0.01950  	4143.75000	0.00000   
-0.01800  	4143.75000	0.00000   
-0.01650  	4143.75000	0.00000   
-0.01500  	4143.75000	0.00000   
-0.01350  	4143.75000	0.00000   
-0.01200  	4143.75000	0.00000   
-0.01050  	4143.75000	0.00000   
-0.00900  	4143.75000	0.00000   
-0.00750  	4143.75000	0.00000   
-0.00600  	4143.75000	0.00000   
-0.00450  	4143.75000	0.00000   
-0.00300  	4143.75000	0.00000   
-0.00150  	4143.75000	0.00000   
0.00000   	4143.75000	0.00000   
0.00150   	4143.75000	0.00000   
0.00300   	4143.75000	0.00000   
0.00450   	4143.75000	0.00000   
0.00600   	4143.75000	0.00000   
0.00750   	4143.75000	0.00000   
0.00900   	4143.75000	0.00000   
0.01050   	4143.75000	0.00000   
0.01200   	4143.75000	0.00000   
0.01350   	4143.75000	0.00000   
0.01500   	4143.75000	0.00000   
0.01650   	4143.75000	0.00000   
0.01800   	4143.75000	0.00000   
0.01950   	4143.75000	0.00000   
0.02100   	4143.75000	0.00000   
0.02250   	4143.75000	0.00000   
0.02100   	4143.75000	0.00000   
0.01950   	4143.75000	0.00000   
0.01800   	4143.75000	0.00000   
0.01650   	4143.75000	0.00000   
0.01500   	4143.75000	0.00000   
0.01350   	4143.75000	0.00000   
0.01200   	4143.75000	0.00000   
0.01050   	4143.75000	0.00000   
0.00900   	4143.75000	0.00000   
0.00750   	4143.75000	0.00000   
0.00600   	4143.75000	0.00000   
0.00450   	4143.75000	0.00000   
0.00300   	4143.75000	0.00000   
0.00150   	4143.75000	0.00000   
0.00000   	4143.75000	0.00000   
-0.00150  	4143.75000	0.00000   
-0.00300  	4143.75000	0.00000   
-0.00450  	4143.75000	0.00000   
-0.00600  	4143.75000	0.00000   
-0.00750  	4143.75000	0.00000   
-0.00900  	4143.75000	0.00000   
-0.01050  	4143.75000	0.00000   
-0.01200  	4143.75000	0.00000   
-0.01350  	4143.75000	0.00000   
-0.01500  	4143.75000	0.00000   
-0.01650  	4143.75000	0.00000   
-0.01800  	4143.75000	0.00000   
-0.01950  	4143.75000	0.00000   
-0.02100  	4143.75000	0.00000   
-0.02250  	4143.75000	0.00000   
-0.02100  	4143.75000	0.00000   
-0.01950  	4143.75000	0.00000   
-0.01800  	4143.75000	0.00000   
-0.01650  	4143.75000	0.00000   
-0.01500  	4143.75000	0.00000   
-0.01350  	4143.75000	0.00000   
-0.01200  	4143.75000	0.00000   
-0.01050  	4143.75000	0.00000   
-0.00900  	4143.75000	0.00000   
-0.00750  	4143.75000	0.00000   
-0.00600  	4143.75000	0.00000   
-0.00450  	4143.75000	0.00000   
-0.00300  	4143.75000	0.00000   
-0.00150  	4143.75000	0.00000   
0.00000   	4143.75000	0.00000   
0.00250   	4143.75000	0.00000   
0.00500   	4143.75000	0.00000   
0.00750   	4143.75000	0.00000   
0.01000   	4143.75000	0.00000   
0.01250   	4143.75000	0.00000   
0.01500   	4143.75000	0.00000   
0.01750   	4143.75000	0.00000   
0.02000   	4143.75000	0.00000   
0.02250   	4143.75000	0.00000   
0.02500   	4143.75000	0.00000   
0.02750   	4143.75000	0.00000   
0.03000   	4143.75000	0.00000   
0.03250   	4143.75000	0.00000   
0.03500   	4143.75000	0.00000   
0.03750   	4143.75000	0.00000   
0.03500   	4143.75000	0.00000   
0.03250   	4143.75000	0.00000   
0.03000   	4143.75000	0.00000   
0.02750   	4143.75000	0.00000   
0.02500   	4143.75000	0.00000   
0.02250   	4143.75000	0.00000   
0.02000   	4143.75000	0.00000   
0.01750   	4143.75000	0.00000   
0.01500   	4143.75000	0.00000   
0.01250   	4143.75000	0.00000   
0.01000   	4143.75000	0.00000   
0.00750   	4143.75000	0.00000   
0.00500   	4143.75000	0.00000   
0.00250   	4143.75000	0.00000   
0.00000   	4143.75000	0.00000   
-0.00250  	4143.75000	0.00000   
-0.00500  	4143.75000	0.00000   
-0.00750  	4143.75000	0.00000   
-0.01000  	4143.75000	0.00000   
-0.01250  	4143.75000	0.00000   
-0.01500  	4143.75000	0.00000   
-0.01750  	4143.75000	0.00000   
-0.02000  	4143.75000	0.00000   
-0.02250  	4143.75000	0.00000   
-0.02500  	4143.75000	0.00000   
-0.02750  	4143.75000	0.00000   
-0.03000  	4143.75000	0.00000   
-0.03250  	4143.75000	0.00000   
-0.03500  	4143.75000	0.00000   
-0.03750  	4143.75000	0.00000   
-0.03500  	4143.75000	0.00000   
-0.03250  	4143.75000	0.00000   
-0.03000  	4143.75000	0.00000   
-0.02750  	4143.75000	0.00000   
-0.02500  	4143.75000	0.00000   
-0.02250  	4143.75000	0.00000   
-0.02000  	4143.75000	0.00000   
-0.01750  	4143.75000	0.00000   
-0.01500  	4143.75000	0.00000   
-0.01250  	4143.75000	0.00000   
-0.01000  	4143.75000	0.00000   
-0.00750  	4143.75000	0.00000   
-0.00500  	4143.75000	0.00000   
-0.00250  	4143.75000	0.00000   
0.00000   	4143.75000	0.00000   
0.00250   	4143.75000	0.00000   
0.00500   	4143.75000	0.00000   
0.00750   	4143.75000	0.00000   
0.01000   	4143.75000	0.00000   
0.01250   	4143.75000	0.00000   
0.01500   	4143.75000	0.00000   
0.01750   	4143.75000	0.00000   
0.02000   	4143.75000	0.00000   
0.02250   	4143.75000	0.00000   
0.02500   	4143.75000	0.00000   
0.02750   	4143.75000	0.00000   
0.03000   	4143.75000	0.00000   
0.03250   	4143.75000	0.00000   
0.03500   	4143.75000	0.00000   
0.03750   	4143.75000	0.00000   
0.03500   	4143.75000	0.00000   
0.03250   	4143.75000	0.00000   
0.03000   	4143.75000	0.00000   
0.02750   	4143.75000	0.00000   
0.02500   	4143.75000	0.00000   
0.02250   	4143.75000	0.00000   
0.02000   	4143.75000	0.00000   
0.01750   	4143.75000	0.00000   
0.01500   	4143.75000	0.00000   
0.01250   	4143.75000	0.00000   
0.01000   	4143.75000	0.00000   
0.00750   	4143.75000	0.00000   
0.00500   	4143.75000	0.00000   
0.00250   	4143.75000	0.00000   
0.00000   	4143.75000	0.00000   
-0.00250  	4143.75000	0.00000   
-0.00500  	4143.75000	0.00000   
-0.00750  	4143.75000	0.00000   
-0.01000  	4143.75000	0.00000   
-0.01250  	4143.75000	0.00000   
-0.01500  	4143.75000	0.00000   
-0.01750  	4143.75000	0.00000   
-0.02000  	4143.75000	0.00000   
-0.02250  	4143.75000	0.00000   
-0.02500  	4143.75000	0.00000   
-0.02750  	4143.75000	0.00000   
-0.03000  	4143.75000	0.00000   
-0.03250  	4143.75000	0.00000   
-0.03500  	4143.75000	0.00000   
-0.03750  	4143.75000	0.00000   
-0.03500  	4143.75000	0.00000   
-0.03250  	4143.75000	0.00000   
-0.03000  	4143.75000	0.00000   
-0.02750  	4143.75000	0.00000   
-0.02500  	4143.75000	0.00000   
-0.02250  	4143.75000	0.00000   
-0.02000  	4143.75000	0.00000   
-0.01750  	4143.75000	0.00000   
-0.01500  	4143.75000	0.00000   
-0.01250  	4143.75000	0.00000   
-0.01000  	4143.75000	0.00000   
-0.00750  	4143.75000	0.00000   
-0.00500  	4143.75000	0.00000   
-0.00250  	4143.75000	0.00000   
0.00000   	4143.75000	0.00000   
0.00500   	4143.75000	0.00000   
0.01000   	4143.75000	0.00000   
0.01500   	4143.75000	0.00000   
0.02000   	4143.75000	0.00000   
0.02500   	4143.75000	0.00000   
0.03000   	4143.75000	0.00000   
0.03500   	4143.75000	0.00000   
0.04000   	4143.75000	0.00000   
0.04500   	4143.75000	0.00000   
0.05000   	4143.75000	0.00000   
0.05500   	4143.75000	0.00000   
0.06000   	4143.75000	0.00000   
0.06500   	4143.75000	0.00000   
0.07000   	4143.75000	0.00000   
0.07500   	4143.75000	0.00000   
0.07000   	4143.75000	0.00000   
0.06500   	4143.75000	0.00000   
0.06000   	4143.75000	0.00000   
0.05500   	4143.75000	0.00000   
0.05000   	4143.75000	0.00000   
0.04500   	4143.75000	0.00000   
0.04000   	4143.75000	0.00000   
0.03500   	4143.75000	0.00000   
0.03000   	4143.75000	0.00000   
0.02500   	4143.75000	0.00000   
0.02000   	4143.75000	0.00000   
0.01500   	4143.75000	0.00000   
0.01000   	4143.75000	0.00000   
0.00500   	4143.75000	0.00000   
0.00000   	4143.75000	0.00000   
-0.00500  	4143.75000	0.00000   
-0.01000  	4143.75000	0.00000   
-0.01500  	4143.75000	0.00000   
-0.02000  	4143.75000	0.00000   
-0.02500  	4143.75000	0.00000   
-0.03000  	4143.75000	0.00000   
-0.03500  	4143.75000	0.00000   
-0.04000  	4143.75000	0.00000   
-0.04500  	4143.75000	0.00000   
-0.05000  	4143.75000	0.00000   
-0.05500  	4143.75000	0.00000   
-0.06000  	4143.75000	0.00000   
-0.06500  	4143.75000	0.00000   
-0.07000  	4143.75000	0.00000   
-0.07500  	4143.75000	0.00000   
-0.07000  	4143.75000	0.00000   
-0.06500  	4143.75000	0.00000   
-0.06000  	4143.75000	0.00000   
-0.05500  	4143.75000	0.00000   
-0.05000  	4143.75000	0.00000   
-0.04500  	4143.75000	0.00000   
-0.04000  	4143.75000	0.00000   
-0.03500  	4143.75000	0.00000   
-0.03000  	4143.75000	0.00000   
-0.02500  	4143.75000	0.00000   
-0.02000  	4143.75000	0.00000   
-0.01500  	4143.75000	0.00000   
-0.01000  	4143.75000	0.00000   
-0.00500  	4143.75000	0.00000   
0.00000   	4143.75000	0.00000   
0.00500   	4143.75000	0.00000   
0.01000   	4143.75000	0.00000   
0.01500   	4143.75000	0.00000   
0.02000   	4143.75000	0.00000   
0.02500   	4143.75000	0.00000   
0.03000   	4143.75000	0.00000   
0.03500   	4143.75000	0.00000   
0.04000   	4143.75000	0.00000   
0.04500   	4143.75000	0.00000   
0.05000   	4143.75000	0.00000   
0.05500   	4143.75000	0.00000   
0.06000   	4143.75000	0.00000   
0.06500   	4143.75000	0.00000   
0.07000   	4143.75000	0.00000   
0.07500   	4143.75000	0.00000   
0.07000   	4143.75000	0.00000   
0.06500   	4143.75000	0.00000   
0.06000   	4143.75000	0.00000   
0.05500   	4143.75000	0.00000   
0.05000   	4143.75000	0.00000   
0.04500   	4143.75000	0.00000   
0.04000   	4143.75000	0.00000   
0.03500   	4143.75000	0.00000   
0.03000   	4143.75000	0.00000   
0.02500   	4143.75000	0.00000   
0.02000   	4143.75000	0.00000   
0.01500   	4143.75000	0.00000   
0.01000   	4143.75000	0.00000   
0.00500   	4143.75000	0.00000   
0.00000   	4143.75000	0.00000   
-0.00500  	4143.75000	0.00000   
-0.01000  	4143.75000	0.00000   
-0.01500  	4143.75000	0.00000   
-0.02000  	4143.75000	0.00000   
-0.02500  	4143.75000	0.00000   
-0.03000  	4143.75000	0.00000   
-0.03500  	4143.75000	0.00000   
-0.04000  	4143.75000	0.00000   
-0.04500  	4143.75000	0.00000   
-0.05000  	4143.75000	0.00000   
-0.05500  	4143.75000	0.00000   
-0.06000  	4143.75000	0.00000   
-0.06500  	4143.75000	0.00000   
-0.07000  	4143.75000	0.00000   
-0.07500  	4143.75000	0.00000   
-0.07000  	4143.75000	0.00000   
-0.06500  	4143.75000	0.00000   
-0.06000  	4143.75000	0.00000   
-0.05500  	4143.75000	0.00000   
-0.05000  	4143.75000	0.00000   
-0.04500  	4143.75000	0.00000   
-0.04000  	4143.75000	0.00000   
-0.03500  	4143.75000	0.00000   
-0.03000  	4143.75000	0.00000   
-0.02500  	4143.75000	0.00000   
-0.02000  	4143.75000	0.00000   
-0.01500  	4143.75000	0.00000   
-0.01000  	4143.75000	0.00000   
-0.00500  	4143.75000	0.00000   
0.00000   	4143.75000	0.00000   
0.00750   	4143.75000	0.00000   
0.01500   	4143.75000	0.00000   
0.02250   	4143.75000	0.00000   
0.03000   	4143.75000	0.00000   
0.03750   	4143.75000	0.00000   
0.04500   	4143.75000	0.00000   
0.05250   	4143.75000	0.00000   
0.06000   	4143.75000	0.00000   
0.06750   	4143.75000	0.00000   
0.07500   	4143.75000	0.00000   
0.08250   	4143.75000	0.00000   
0.09000   	4143.75000	0.00000   
0.09750   	4143.75000	0.00000   
0.10500   	4143.75000	0.00000   
0.11250   	4143.75000	0.00000   
0.10500   	4143.75000	0.00000   
0.09750   	4143.75000	0.00000   
0.09000   	4143.75000	0.00000   
0.08250   	4143.75000	0.00000   
0.07500   	4143.75000	0.00000   
0.06750   	4143.75000	0.00000   
0.06000   	4143.75000	0.00000   
0.05250   	4143.75000	0.00000   
0.04500   	4143.75000	0.00000   
0.03750   	4143.75000	0.00000   
0.03000   	4143.75000	0.00000   
0.02250   	4143.75000	0.00000   
0.01500   	4143.75000	0.00000   
0.00750   	4143.75000	0.00000   
0.00000   	4143.75000	0.00000   
-0.00750  	4143.75000	0.00000   
-0.01500  	4143.75000	0.00000   
-0.02250  	4143.75000	0.00000   
-0.03000  	4143.75000	0.00000   
-0.03750  	4143.75000	0.00000   
-0.04500  	4143.75000	0.00000   
-0.05250  	4143.75000	0.00000   
-0.06000  	4143.75000	0.00000   
-0.06750  	4143.75000	0.00000   
-0.07500  	4143.75000	0.00000   
-0.08250  	4143.75000	0.00000   
-0.09000  	4143.75000	0.00000   
-0.09750  	4143.75000	0.00000   
-0.10500  	4143.75000	0.00000   
-0.11250  	4143.75000	0.00000   
-0.10500  	4143.75000	0.00000   
-0.09750  	4143.75000	0.00000   
-0.09000  	4143.75000	0.00000   
-0.08250  	4143.75000	0.00000   
-0.07500  	4143.75000	0.00000   
-0.06750  	4143.75000	0.00000   
-0.06000  	4143.75000	0.00000   
-0.05250  	4143.75000	0.00000   
-0.04500  	4143.75000	0.00000   
-0.03750  	4143.75000	0.00000   
-0.03000  	4143.75000	0.00000   
-0.02250  	4143.75000	0.00000   
-0.01500  	4143.75000	0.00000   
-0.00750  	4143.75000	0.00000   
0.00000   	4143.75000	0.00000   
0.00750   	4143.75000	0.00000   
0.01500   	4143.75000	0.00000   
0.02250   	4143.75000	0.00000   
0.03000   	4143.75000	0.00000   
0.03750   	4143.75000	0.00000   
0.04500   	4143.75000	0.00000   
0.05250   	4143.75000	0.00000   
0.06000   	4143.75000	0.00000   
0.06750   	4143.75000	0.00000   
0.07500   	4143.75000	0.00000   
0.08250   	4143.75000	0.00000   
0.09000   	4143.75000	0.00000   
0.09750   	4143.75000	0.00000   
0.10500   	4143.75000	0.00000   
0.11250   	4143.75000	0.00000   
0.10500   	4143.75000	0.00000   
0.09750   	4143.75000	0.00000   
0.09000   	4143.75000	0.00000   
0.08250   	4143.75000	0.00000   
0.07500   	4143.75000	0.00000   
0.06750   	4143.75000	0.00000   
0.06000   	4143.75000	0.00000   
0.05250   	4143.75000	0.00000   
0.04500   	4143.75000	0.00000   
0.03750   	4143.75000	0.00000   
0.03000   	4143.75000	0.00000   
0.02250   	4143.75000	0.00000   
0.01500   	4143.75000	0.00000   
0.00750   	4143.75000	0.00000   
0.00000   	4143.75000	0.00000   
-0.00750  	4143.75000	0.00000   
-0.01500  	4143.75000	0.00000   
-0.02250  	4143.75000	0.00000   
-0.03000  	4143.75000	0.00000   
-0.03750  	4143.75000	0.00000   
-0.04500  	4143.75000	0.00000   
-0.05250  	4143.75000	0.00000   
-0.06000  	4143.75000	0.00000   
-0.06750  	4143.75000	0.00000   
-0.07500  	4143.75000	0.00000   
-0.08250  	4143.75000	0.00000   
-0.09000  	4143.75000	0.00000   
-0.09750  	4143.75000	0.00000   
-0.10500  	4143.75000	0.00000   
-0.11250  	4143.75000	0.00000   
-0.10500  	4143.75000	0.00000   
-0.09750  	4143.75000	0.00000   
-0.09000  	4143.75000	0.00000   
-0.08250  	4143.75000	0.00000   
-0.07500  	4143.75000	0.00000   
-0.06750  	4143.75000	0.00000   
-0.06000  	4143.75000	0.00000   
-0.05250  	4143.75000	0.00000   
-0.04500  	4143.75000	0.00000   
-0.03750  	4143.75000	0.00000   
-0.03000  	4143.75000	0.00000   
-0.02250  	4143.75000	0.00000   
-0.01500  	4143.75000	0.00000   
-0.00750  	4143.75000	0.00000   
0.00000   	4143.75000	0.00000   
0.01000   	4143.75000	0.00000   
0.02000   	4143.75000	0.00000   
0.03000   	4143.75000	0.00000   
0.04000   	4143.75000	0.00000   
0.05000   	4143.75000	0.00000   
0.06000   	4143.75000	0.00000   
0.07000   	4143.75000	0.00000   
0.08000   	4143.75000	0.00000   
0.09000   	4143.75000	0.00000   
0.10000   	4143.75000	0.00000   
0.11000   	4143.75000	0.00000   
0.12000   	4143.75000	0.00000   
0.13000   	4143.75000	0.00000   
0.14000   	4143.75000	0.00000   
0.15000   	4143.75000	0.00000   
0.14000   	4143.75000	0.00000   
0.13000   	4143.75000	0.00000   
0.12000   	4143.75000	0.00000   
0.11000   	4143.75000	0.00000   
0.10000   	4143.75000	0.00000   
0.09000   	4143.75000	0.00000   
0.08000   	4143.75000	0.00000   
0.07000   	4143.75000	0.00000   
0.06000   	4143.75000	0.00000   
0.05000   	4143.75000	0.00000   
0.04000   	4143.75000	0.00000   
0.03000   	4143.75000	0.00000   
0.02000   	4143.75000	0.00000   
0.01000   	4143.75000	0.00000   
0.00000   	4143.75000	0.00000   
-0.01000  	4143.75000	0.00000   
-0.02000  	4143.75000	0.00000   
-0.03000  	4143.75000	0.00000   
-0.04000  	4143.75000	0.00000   
-0.05000  	4143.75000	0.00000   
-0.06000  	4143.75000	0.00000   
-0.07000  	4143.75000	0.00000   
-0.08000  	4143.75000	0.00000   
-0.09000  	4143.75000	0.00000   
-0.10000  	4143.75000	0.00000   
-0.11000  	4143.75000	0.00000   
-0.12000  	4143.75000	0.00000   
-0.13000  	4143.75000	0.00000   
-0.14000  	4143.75000	0.00000   
-0.15000  	4143.75000	0.00000   
-0.14000  	4143.75000	0.00000   
-0.13000  	4143.75000	0.00000   
-0.12000  	4143.75000	0.00000   
-0.11000  	4143.75000	0.00000   
-0.10000  	4143.75000	0.00000   
-0.09000  	4143.75000	0.00000   
-0.08000  	4143.75000	0.00000   
-0.07000  	4143.75000	0.00000   
-0.06000  	4143.75000	0.00000   
-0.05000  	4143.75000	0.00000   
-0.04000  	4143.75000	0.00000   
-0.03000  	4143.75000	0.00000   
-0.02000  	4143.75000	0.00000   
-0.01000  	4143.75000	0.00000   
0.00000   	4143.75000	0.00000   
0.01000   	4143.75000	0.00000   
0.02000   	4143.75000	0.00000   
0.03000   	4143.75000	0.00000   
0.04000   	4143.75000	0.00000   
0.05000   	4143.75000	0.00000   
0.06000   	4143.75000	0.00000   
0.07000   	4143.75000	0.00000   
0.08000   	4143.75000	0.00000   
0.09000   	4143.75000	0.00000   
0.10000   	4143.75000	0.00000   
0.11000   	4143.75000	0.00000   
0.12000   	4143.75000	0.00000   
0.13000   	4143.75000	0.00000   
0.14000   	4143.75000	0.00000   
0.15000   	4143.75000	0.00000   
0.14000   	4143.75000	0.00000   
0.13000   	4143.75000	0.00000   
0.12000   	4143.75000	0.00000   
0.11000   	4143.75000	0.00000   
0.10000   	4143.75000	0.00000   
0.09000   	4143.75000	0.00000   
0.08000   	4143.75000	0.00000   
0.07000   	4143.75000	0.00000   
0.06000   	4143.75000	0.00000   
0.05000   	4143.75000	0.00000   
0.04000   	4143.75000	0.00000   
0.03000   	4143.75000	0.00000   
0.02000   	4143.75000	0.00000   
0.01000   	4143.75000	0.00000   
0.00000   	4143.75000	0.00000   
-0.01000  	4143.75000	0.00000   
-0.02000  	4143.75000	0.00000   
-0.03000  	4143.75000	0.00000   
-0.04000  	4143.75000	0.00000   
-0.05000  	4143.75000	0.00000   
-0.06000  	4143.75000	0.00000   
-0.07000  	4143.75000	0.00000   
-0.08000  	4143.75000	0.00000   
-0.09000  	4143.75000	0.00000   
-0.10000  	4143.75000	0.00000   
-0.11000  	4143.75000	0.00000   
-0.12000  	4143.75000	0.00000   
-0.13000  	4143.75000	0.00000   
-0.14000  	4143.75000	0.00000   
-0.15000  	4143.75000	0.00000   
-0.14000  	4143.75000	0.00000   
-0.13000  	4143.75000	0.00000   
-0.12000  	4143.75000	0.00000   
-0.11000  	4143.75000	0.00000   
-0.10000  	4143.75000	0.00000   
-0.09000  	4143.75000	0.00000   
-0.08000  	4143.75000	0.00000   
-0.07000  	4143.75000	0.00000   
-0.06000  	4143.75000	0.00000   
-0.05000  	4143.75000	0.00000   
-0.04000  	4143.75000	0.00000   
-0.03000  	4143.75000	0.00000   
-0.02000  	4143.75000	0.00000   
-0.01000  	4143.75000	0.00000   
0.00000   	4143.75000	0.00000   
0.01500   	4143.75000	0.00000   
0.03000   	4143.75000	0.00000   
0.04500   	4143.75000	0.00000   
0.06000   	4143.75000	0.00000   
0.07500   	4143.75000	0.00000   
0.09000   	4143.75000	0.00000   
0.10500   	4143.75000	0.00000   
0.12000   	4143.75000	0.00000   
0.13500   	4143.75000	0.00000   
0.15000   	4143.75000	0.00000   
0.16500   	4143.75000	0.00000   
0.18000   	4143.75000	0.00000   
0.19500   	4143.75000	0.00000   
0.21000   	4143.75000	0.00000   
0.22500   	4143.75000	0.00000   
0.21000   	4143.75000	0.00000   
0.19500   	4143.75000	0.00000   
0.18000   	4143.75000	0.00000   
0.16500   	4143.75000	0.00000   
0.15000   	4143.75000	0.00000   
0.13500   	4143.75000	0.00000   
0.12000   	4143.75000	0.00000   
0.10500   	4143.75000	0.00000   
0.09000   	4143.75000	0.00000   
0.07500   	4143.75000	0.00000   
0.06000   	4143.75000	0.00000   
0.04500   	4143.75000	0.00000   
0.03000   	4143.75000	0.00000   
0.01500   	4143.75000	0.00000   
0.00000   	4143.75000	0.00000   
-0.01500  	4143.75000	0.00000   
-0.03000  	4143.75000	0.00000   
-0.04500  	4143.75000	0.00000   
-0.06000  	4143.75000	0.00000   
-0.07500  	4143.75000	0.00000   
-0.09000  	4143.75000	0.00000   
-0.10500  	4143.75000	0.00000   
-0.12000  	4143.75000	0.00000   
-0.13500  	4143.75000	0.00000   
-0.15000  	4143.75000	0.00000   
-0.16500  	4143.75000	0.00000   
-0.18000  	4143.75000	0.00000   
-0.19500  	4143.75000	0.00000   
-0.21000  	4143.75000	0.00000   
-0.22500  	4143.75000	0.00000   
-0.21000  	4143.75000	0.00000   
-0.19500  	4143.75000	0.00000   
-0.18000  	4143.75000	0.00000   
-0.16500  	4143.75000	0.00000   
-0.15000  	4143.75000	0.00000   
-0.13500  	4143.75000	0.00000   
-0.12000  	4143.75000	0.00000   
-0.10500  	4143.75000	0.00000   
-0.09000  	4143.75000	0.00000   
-0.07500  	4143.75000	0.00000   
-0.06000  	4143.75000	0.00000   
-0.04500  	4143.75000	0.00000   
-0.03000  	4143.75000	0.00000   
-0.01500  	4143.75000	0.00000   
0.00000   	4143.75000	0.00000   
0.01500   	4143.75000	0.00000   
0.03000   	4143.75000	0.00000   
0.04500   	4143.75000	0.00000   
0.06000   	4143.75000	0.00000   
0.07500   	4143.75000	0.00000   
0.09000   	4143.75000	0.00000   
0.10500   	4143.75000	0.00000   
0.12000   	4143.75000	0.00000   
0.13500   	4143.75000	0.00000   
0.15000   	4143.75000	0.00000   
0.16500   	4143.75000	0.00000   
0.18000   	4143.75000	0.00000   
0.19500   	4143.75000	0.00000   
0.21000   	4143.75000	0.00000   
0.22500   	4143.75000	0.00000   
0.21000   	4143.75000	0.00000   
0.19500   	4143.75000	0.00000   
0.18000   	4143.75000	0.00000   
0.16500   	4143.75000	0.00000   
0.15000   	4143.75000	0.00000   
0.13500   	4143.75000	0.00000   
0.12000   	4143.75000	0.00000   
0.10500   	4143.75000	0.00000   
0.09000   	4143.75000	0.00000   
0.07500   	4143.75000	0.00000   
0.06000   	4143.75000	0.00000   
0.04500   	4143.75000	0.00000   
0.03000   	4143.75000	0.00000   
0.01500   	4143.75000	0.00000   
0.00000   	4143.75000	0.00000   
-0.01500  	4143.75000	0.00000   
-0.03000  	4143.75000	0.00000   
-0.04500  	4143.75000	0.00000   
-0.06000  	4143.75000	0.00000   
-0.07500  	4143.75000	0.00000   
-0.09000  	4143.75000	0.00000   
-0.10500  	4143.75000	0.00000   
-0.12000  	4143.75000	0.00000   
-0.13500  	4143.75000	0.00000   
-0.15000  	4143.75000	0.00000   
-0.16500  	4143.75000	0.00000   
-0.18000  	4143.75000	0.00000   
-0.19500  	4143.75000	0.00000   
-0.21000  	4143.75000	0.00000   
-0.22500  	4143.75000	0.00000   
-0.21000  	4143.75000	0.00000   
-0.19500  	4143.75000	0.00000   
-0.18000  	4143.75000	0.00000   
-0.16500  	4143.75000	0.00000   
-0.15000  	4143.75000	0.00000   
-0.13500  	4143.75000	0.00000   
-0.12000  	4143.75000	0.00000   
-0.10500  	4143.75000	0.00000   
-0.09000  	4143.75000	0.00000   
-0.07500  	4143.75000	0.00000   
-0.06000  	4143.75000	0.00000   
-0.04500  	4143.75000	0.00000   
-0.03000  	4143.75000	0.00000   
-0.01500  	4143.75000	0.00000   
0.00000   	4143.75000	0.00000   
0.02000   	4143.75000	0.00000   
0.04000   	4143.75000	0.00000   
0.06000   	4143.75000	0.00000   
0.08000   	4143.75000	0.00000   
0.10000   	4143.75000	0.00000   
0.12000   	4143.75000	0.00000   
0.14000   	4143.75000	0.00000   
0.16000   	4143.75000	0.00000   
0.18000   	4143.75000	0.00000   
0.20000   	4143.75000	0.00000   
0.22000   	4143.75000	0.00000   
0.24000   	4143.75000	0.00000   
0.26000   	4143.75000	0.00000   
0.28000   	4143.75000	0.00000   
0.30000   	4143.75000	0.00000   
0.28000   	4143.75000	0.00000   
0.26000   	4143.75000	0.00000   
0.24000   	4143.75000	0.00000   
0.22000   	4143.75000	0.00000   
0.20000   	4143.75000	0.00000   
0.18000   	4143.75000	0.00000   
0.16000   	4143.75000	0.00000   
0.14000   	4143.75000	0.00000   
0.12000   	4143.75000	0.00000   
0.10000   	4143.75000	0.00000   
0.08000   	4143.75000	0.00000   
0.06000   	4143.75000	0.00000   
0.04000   	4143.75000	0.00000   
0.02000   	4143.75000	0.00000   
0.00000   	4143.75000	0.00000   
-0.02000  	4143.75000	0.00000   
-0.04000  	4143.75000	0.00000   
-0.06000  	4143.75000	0.00000   
-0.08000  	4143.75000	0.00000   
-0.10000  	4143.75000	0.00000   
-0.12000  	4143.75000	0.00000   
-0.14000  	4143.75000	0.00000   
-0.16000  	4143.75000	0.00000   
-0.18000  	4143.75000	0.00000   
-0.20000  	4143.75000	0.00000   
-0.22000  	4143.75000	0.00000   
-0.24000  	4143.75000	0.00000   
-0.26000  	4143.75000	0.00000   
-0.28000  	4143.75000	0.00000   
-0.30000  	4143.75000	0.00000   
-0.28000  	4143.75000	0.00000   
-0.26000  	4143.75000	0.00000   
-0.24000  	4143.75000	0.00000   
-0.22000  	4143.75000	0.00000   
-0.20000  	4143.75000	0.00000   
-0.18000  	4143.75000	0.00000   
-0.16000  	4143.75000	0.00000   
-0.14000  	4143.75000	0.00000   
-0.12000  	4143.75000	0.00000   
-0.10000  	4143.75000	0.00000   
-0.08000  	4143.75000	0.00000   
-0.06000  	4143.75000	0.00000   
-0.04000  	4143.75000	0.00000   
-0.02000  	4143.75000	0.00000   
0.00000   	4143.75000	0.00000   
0.02000   	4143.75000	0.00000   
0.04000   	4143.75000	0.00000   
0.06000   	4143.75000	0.00000   
0.08000   	4143.75000	0.00000   
0.10000   	4143.75000	0.00000   
0.12000   	4143.75000	0.00000   
0.14000   	4143.75000	0.00000   
0.16000   	4143.75000	0.00000   
0.18000   	4143.75000	0.00000   
0.20000   	4143.75000	0.00000   
0.22000   	4143.75000	0.00000   
0.24000   	4143.75000	0.00000   
0.26000   	4143.75000	0.00000   
0.28000   	4143.75000	0.00000   
0.30000   	4143.75000	0.00000   
0.28000   	4143.75000	0.00000   
0.26000   	4143.75000	0.00000   
0.24000   	4143.75000	0.00000   
0.22000   	4143.75000	0.00000   
0.20000   	4143.75000	0.00000   
0.18000   	4143.75000	0.00000   
0.16000   	4143.75000	0.00000   
0.14000   	4143.75000	0.00000   
0.12000   	4143.75000	0.00000   
0.10000   	4143.75000	0.00000   
0.08000   	4143.75000	0.00000   
0.06000   	4143.75000	0.00000   
0.04000   	4143.75000	0.00000   
0.02000   	4143.75000	0.00000   
0.00000   	4143.75000	0.00000   
-0.02000  	4143.75000	0.00000   
-0.04000  	4143.75000	0.00000   
-0.06000  	4143.75000	0.00000   
-0.08000  	4143.75000	0.00000   
-0.10000  	4143.75000	0.00000   
-0.12000  	4143.75000	0.00000   
-0.14000  	4143.75000	0.00000   
-0.16000  	4143.75000	0.00000   
-0.18000  	4143.75000	0.00000   
-0.20000  	4143.75000	0.00000   
-0.22000  	4143.75000	0.00000   
-0.24000  	4143.75000	0.00000   
-0.26000  	4143.75000	0.00000   
-0.28000  	4143.75000	0.00000   
-0.30000  	4143.75000	0.00000   
-0.28000  	4143.75000	0.00000   
-0.26000  	4143.75000	0.00000   
-0.24000  	4143.75000	0.00000   
-0.22000  	4143.75000	0.00000   
-0.20000  	4143.75000	0.00000   
-0.18000  	4143.75000	0.00000   
-0.16000  	4143.75000	0.00000   
-0.14000  	4143.75000	0.00000   
-0.12000  	4143.75000	0.00000   
-0.10000  	4143.75000	0.00000   
-0.08000  	4143.75000	0.00000   
-0.06000  	4143.75000	0.00000   
-0.04000  	4143.75000	0.00000   
-0.02000  	4143.75000	0.00000   
0.00000   	4143.75000	0.00000   
0.03000   	4143.75000	0.00000   
0.06000   	4143.75000	0.00000   
0.09000   	4143.75000	0.00000   
0.12000   	4143.75000	0.00000   
0.15000   	4143.75000	0.00000   
0.18000   	4143.75000	0.00000   
0.21000   	4143.75000	0.00000   
0.24000   	4143.75000	0.00000   
0.27000   	4143.75000	0.00000   
0.30000   	4143.75000	0.00000   
0.33000   	4143.75000	0.00000   
0.36000   	4143.75000	0.00000   
0.39000   	4143.75000	0.00000   
0.42000   	4143.75000	0.00000   
0.45000   	4143.75000	0.00000   
0.42000   	4143.75000	0.00000   
0.39000   	4143.75000	0.00000   
0.36000   	4143.75000	0.00000   
0.33000   	4143.75000	0.00000   
0.30000   	4143.75000	0.00000   
0.27000   	4143.75000	0.00000   
0.24000   	4143.75000	0.00000   
0.21000   	4143.75000	0.00000   
0.18000   	4143.75000	0.00000   
0.15000   	4143.75000	0.00000   
0.12000   	4143.75000	0.00000   
0.09000   	4143.75000	0.00000   
0.06000   	4143.75000	0.00000   
0.03000   	4143.75000	0.00000   
0.00000   	4143.75000	0.00000   
-0.03000  	4143.75000	0.00000   
-0.06000  	4143.75000	0.00000   
-0.09000  	4143.75000	0.00000   
-0.12000  	4143.75000	0.00000   
-0.15000  	4143.75000	0.00000   
-0.18000  	4143.75000	0.00000   
-0.21000  	4143.75000	0.00000   
-0.24000  	4143.75000	0.00000   
-0.27000  	4143.75000	0.00000   
-0.30000  	4143.75000	0.00000   
-0.33000  	4143.75000	0.00000   
-0.36000  	4143.75000	0.00000   
-0.39000  	4143.75000	0.00000   
-0.42000  	4143.75000	0.00000   
-0.45000  	4143.75000	0.00000   
-0.42000  	4143.75000	0.00000   
-0.39000  	4143.75000	0.00000   
-0.36000  	4143.75000	0.00000   
-0.33000  	4143.75000	0.00000   
-0.30000  	4143.75000	0.00000   
-0.27000  	4143.75000	0.00000   
-0.24000  	4143.75000	0.00000   
-0.21000  	4143.75000	0.00000   
-0.18000  	4143.75000	0.00000   
-0.15000  	4143.75000	0.00000   
-0.12000  	4143.75000	0.00000   
-0.09000  	4143.75000	0.00000   
-0.06000  	4143.75000	0.00000   
-0.03000  	4143.75000	0.00000   
0.00000   	4143.75000	0.00000   
0.03000   	4143.75000	0.00000   
0.06000   	4143.75000	0.00000   
0.09000   	4143.75000	0.00000   
0.12000   	4143.75000	0.00000   
0.15000   	4143.75000	0.00000   
0.18000   	4143.75000	0.00000   
0.21000   	4143.75000	0.00000   
0.24000   	4143.75000	0.00000   
0.27000   	4143.75000	0.00000   
0.30000   	4143.75000	0.00000   
0.33000   	4143.75000	0.00000   
0.36000   	4143.75000	0.00000   
0.39000   	4143.75000	0.00000   
0.42000   	4143.75000	0.00000   
0.45000   	4143.75000	0.00000   
0.42000   	4143.75000	0.00000   
0.39000   	4143.75000	0.00000   
0.36000   	4143.75000	0.00000   
0.33000   	4143.75000	0.00000   
0.30000   	4143.75000	0.00000   
0.27000   	4143.75000	0.00000   
0.24000   	4143.75000	0.00000   
0.21000   	4143.75000	0.00000   
0.18000   	4143.75000	0.00000   
0.15000   	4143.75000	0.00000   
0.12000   	4143.75000	0.00000   
0.09000   	4143.75000	0.00000   
0.06000   	4143.75000	0.00000   
0.03000   	4143.75000	0.00000   
0.00000   	4143.75000	0.00000   
-0.03000  	4143.75000	0.00000   
-0.06000  	4143.75000	0.00000   
-0.09000  	4143.75000	0.00000   
-0.12000  	4143.75000	0.00000   
-0.15000  	4143.75000	0.00000   
-0.18000  	4143.75000	0.00000   
-0.21000  	4143.75000	0.00000   
-0.24000  	4143.75000	0.00000   
-0.27000  	4143.75000	0.00000   
-0.30000  	4143.75000	0.00000   
-0.33000  	4143.75000	0.00000   
-0.36000  	4143.75000	0.00000   
-0.39000  	4143.75000	0.00000   
-0.42000  	4143.75000	0.00000   
-0.45000  	4143.75000	0.00000   
-0.42000  	4143.75000	0.00000   
-0.39000  	4143.75000	0.00000   
-0.36000  	4143.75000	0.00000   
-0.33000  	4143.75000	0.00000   
-0.30000  	4143.75000	0.00000   
-0.27000  	4143.75000	0.00000   
-0.24000  	4143.75000	0.00000   
-0.21000  	4143.75000	0.00000   
-0.18000  	4143.75000	0.00000   
-0.15000  	4143.75000	0.00000   
-0.12000  	4143.75000	0.00000   
-0.09000  	4143.75000	0.00000   
-0.06000  	4143.75000	0.00000   
-0.03000  	4143.75000	0.00000   
0.00000   	4143.75000	0.00000   
0.04000   	4143.75000	0.00000   
0.08000   	4143.75000	0.00000   
0.12000   	4143.75000	0.00000   
0.16000   	4143.75000	0.00000   
0.20000   	4143.75000	0.00000   
0.24000   	4143.75000	0.00000   
0.28000   	4143.75000	0.00000   
0.32000   	4143.75000	0.00000   
0.36000   	4143.75000	0.00000   
0.40000   	4143.75000	0.00000   
0.44000   	4143.75000	0.00000   
0.48000   	4143.75000	0.00000   
0.52000   	4143.75000	0.00000   
0.56000   	4143.75000	0.00000   
0.60000   	4143.75000	0.00000   
0.56000   	4143.75000	0.00000   
0.52000   	4143.75000	0.00000   
0.48000   	4143.75000	0.00000   
0.44000   	4143.75000	0.00000   
0.40000   	4143.75000	0.00000   
0.36000   	4143.75000	0.00000   
0.32000   	4143.75000	0.00000   
0.28000   	4143.75000	0.00000   
0.24000   	4143.75000	0.00000   
0.20000   	4143.75000	0.00000   
0.16000   	4143.75000	0.00000   
0.12000   	4143.75000	0.00000   
0.08000   	4143.75000	0.00000   
0.04000   	4143.75000	0.00000   
0.00000   	4143.75000	0.00000   
-0.04000  	4143.75000	0.00000   
-0.08000  	4143.75000	0.00000   
-0.12000  	4143.75000	0.00000   
-0.16000  	4143.75000	0.00000   
-0.20000  	4143.75000	0.00000   
-0.24000  	4143.75000	0.00000   
-0.28000  	4143.75000	0.00000   
-0.32000  	4143.75000	0.00000   
-0.36000  	4143.75000	0.00000   
-0.40000  	4143.75000	0.00000   
-0.44000  	4143.75000	0.00000   
-0.48000  	4143.75000	0.00000   
-0.52000  	4143.75000	0.00000   
-0.56000  	4143.75000	0.00000   
-0.60000  	4143.75000	0.00000   
-0.56000  	4143.75000	0.00000   
-0.52000  	4143.75000	0.00000   
-0.48000  	4143.75000	0.00000   
-0.44000  	4143.75000	0.00000   
-0.40000  	4143.75000	0.00000   
-0.36000  	4143.75000	0.00000   
-0.32000  	4143.75000	0.00000   
-0.28000  	4143.75000	0.00000   
-0.24000  	4143.75000	0.00000   
-0.20000  	4143.75000	0.00000   
-0.16000  	4143.75000	0.00000   
-0.12000  	4143.75000	0.00000   
-0.08000  	4143.75000	0.00000   
-0.04000  	4143.75000	0.00000   
0.00000   	4143.75000	0.00000   
0.04000   	4143.75000	0.00000   
0.08000   	4143.75000	0.00000   
0.12000   	4143.75000	0.00000   
0.16000   	4143.75000	0.00000   
0.20000   	4143.75000	0.00000   
0.24000   	4143.75000	0.00000   
0.28000   	4143.75000	0.00000   
0.32000   	4143.75000	0.00000   
0.36000   	4143.75000	0.00000   
0.40000   	4143.75000	0.00000   
0.44000   	4143.75000	0.00000   
0.48000   	4143.75000	0.00000   
0.52000   	4143.75000	0.00000   
0.56000   	4143.75000	0.00000   
0.60000   	4143.75000	0.00000   
0.56000   	4143.75000	0.00000   
0.52000   	4143.75000	0.00000   
0.48000   	4143.75000	0.00000   
0.44000   	4143.75000	0.00000   
0.40000   	4143.75000	0.00000   
0.36000   	4143.75000	0.00000   
0.32000   	4143.75000	0.00000   
0.28000   	4143.75000	0.00000   
0.24000   	4143.75000	0.00000   
0.20000   	4143.75000	0.00000   
0.16000   	4143.75000	0.00000   
0.12000   	4143.75000	0.00000   
0.08000   	4143.75000	0.00000   
0.04000   	4143.75000	0.00000   
0.00000   	4143.75000	0.00000   
-0.04000  	4143.75000	0.00000   
-0.08000  	4143.75000	0.00000   
-0.12000  	4143.75000	0.00000   
-0.16000  	4143.75000	0.00000   
-0.20000  	4143.75000	0.00000   
-0.24000  	4143.75000	0.00000   
-0.28000  	4143.75000	0.00000   
-0.32000  	4143.75000	0.00000   
-0.36000  	4143.75000	0.00000   
-0.40000  	4143.75000	0.00000   
-0.44000  	4143.75000	0.00000   
-0.48000  	4143.75000	0.00000   
-0.52000  	4143.75000	0.00000   
-0.56000  	4143.75000	0.00000   
-0.60000  	4143.75000	0.00000   
-0.56000  	4143.75000	0.00000   
-0.52000  	4143.75000	0.00000   
-0.48000  	4143.75000	0.00000   
-0.44000  	4143.75000	0.00000   
-0.40000  	4143.75000	0.00000   
-0.36000  	4143.75000	0.00000   
-0.32000  	4143.75000	0.00000   
-0.28000  	4143.75000	0.00000   
-0.24000  	4143.75000	0.00000   
-0.20000  	4143.75000	0.00000   
-0.16000  	4143.75000	0.00000   
-0.12000  	4143.75000	0.00000   
-0.08000  	4143.75000	0.00000   
-0.04000  	4143.75000	0.00000   
0.00000   	4143.75000	0.00000   
0.05000   	4143.75000	0.00000   
0.10000   	4143.75000	0.00000   
0.15000   	4143.75000	0.00000   
0.20000   	4143.75000	0.00000   
0.25000   	4143.75000	0.00000   
0.30000   	4143.75000	0.00000   
0.35000   	4143.75000	0.00000   
0.40000   	4143.75000	0.00000   
0.45000   	4143.75000	0.00000   
0.50000   	4143.75000	0.00000   
0.55000   	4143.75000	0.00000   
0.60000   	4143.75000	0.00000   
0.65000   	4143.75000	0.00000   
0.70000   	4143.75000	0.00000   
0.75000   	4143.75000	0.00000   
0.70000   	4143.75000	0.00000   
0.65000   	4143.75000	0.00000   
0.60000   	4143.75000	0.00000   
0.55000   	4143.75000	0.00000   
0.50000   	4143.75000	0.00000   
0.45000   	4143.75000	0.00000   
0.40000   	4143.75000	0.00000   
0.35000   	4143.75000	0.00000   
0.30000   	4143.75000	0.00000   
0.25000   	4143.75000	0.00000   
0.20000   	4143.75000	0.00000   
0.15000   	4143.75000	0.00000   
0.10000   	4143.75000	0.00000   
0.05000   	4143.75000	0.00000   
0.00000   	4143.75000	0.00000   
-0.05000  	4143.75000	0.00000   
-0.10000  	4143.75000	0.00000   
-0.15000  	4143.75000	0.00000   
-0.20000  	4143.75000	0.00000   
-0.25000  	4143.75000	0.00000   
-0.30000  	4143.75000	0.00000   
-0.35000  	4143.75000	0.00000   
-0.40000  	4143.75000	0.00000   
-0.45000  	4143.75000	0.00000   
-0.50000  	4143.75000	0.00000   
-0.55000  	4143.75000	0.00000   
-0.60000  	4143.75000	0.00000   
-0.65000  	4143.75000	0.00000   
-0.70000  	4143.75000	0.00000   
-0.75000  	4143.75000	0.00000   
-0.70000  	4143.75000	0.00000   
-0.65000  	4143.75000	0.00000   
-0.60000  	4143.75000	0.00000   
-0.55000  	4143.75000	0.00000   
-0.50000  	4143.75000	0.00000   
-0.45000  	4143.75000	0.00000   
-0.40000  	4143.75000	0.00000   
-0.35000  	4143.75000	0.00000   
-0.30000  	4143.75000	0.00000   
-0.25000  	4143.75000	0.00000   
-0.20000  	4143.75000	0.00000   
-0.15000  	4143.75000	0.00000   
-0.10000  	4143.75000	0.00000   
-0.05000  	4143.75000	0.00000   
0.00000   	4143.75000	0.00000   
0.05000   	4143.75000	0.00000   
0.10000   	4143.75000	0.00000   
0.15000   	4143.75000	0.00000   
0.20000   	4143.75000	0.00000   
0.25000   	4143.75000	0.00000   
0.30000   	4143.75000	0.00000   
0.35000   	4143.75000	0.00000   
0.40000   	4143.75000	0.00000   
0.45000   	4143.75000	0.00000   
0.50000   	4143.75000	0.00000   
0.55000   	4143.75000	0.00000   
0.60000   	4143.75000	0.00000   
0.65000   	4143.75000	0.00000   
0.70000   	4143.75000	0.00000   
0.75000   	4143.75000	0.00000   
0.70000   	4143.75000	0.00000   
0.65000   	4143.75000	0.00000   
0.60000   	4143.75000	0.00000   
0.55000   	4143.75000	0.00000   
0.50000   	4143.75000	0.00000   
0.45000   	4143.75000	0.00000   
0.40000   	4143.75000	0.00000   
0.35000   	4143.75000	0.00000   
0.30000   	4143.75000	0.00000   
0.25000   	4143.75000	0.00000   
0.20000   	4143.75000	0.00000   
0.15000   	4143.75000	0.00000   
0.10000   	4143.75000	0.00000   
0.05000   	4143.75000	0.00000   
0.00000   	4143.75000	0.00000   
-0.05000  	4143.75000	0.00000   
-0.10000  	4143.75000	0.00000   
-0.15000  	4143.75000	0.00000   
-0.20000  	4143.75000	0.00000   
-0.25000  	4143.75000	0.00000   
-0.30000  	4143.75000	0.00000   
-0.35000  	4143.75000	0.00000   
-0.40000  	4143.75000	0.00000   
-0.45000  	4143.75000	0.00000   
-0.50000  	4143.75000	0.00000   
-0.55000  	4143.75000	0.00000   
-0.60000  	4143.75000	0.00000   
-0.65000  	4143.75000	0.00000   
-0.70000  	4143.75000	0.00000   
-0.75000  	4143.75000	0.00000   
-0.70000  	4143.75000	0.00000   
-0.65000  	4143.75000	0.00000   
-0.60000  	4143.75000	0.00000   
-0.55000  	4143.75000	0.00000   
-0.50000  	4143.75000	0.00000   
-0.45000  	4143.75000	0.00000   
-0.40000  	4143.75000	0.00000   
-0.35000  	4143.75000	0.00000   
-0.30000  	4143.75000	0.00000   
-0.25000  	4143.75000	0.00000   
-0.20000  	4143.75000	0.00000   
-0.15000  	4143.75000	0.00000   
-0.10000  	4143.75000	0.00000   
-0.05000  	4143.75000	0.00000   
0.00000   	4143.75000	0.00000   
0.06000   	4143.75000	0.00000   
0.12000   	4143.75000	0.00000   
0.18000   	4143.75000	0.00000   
0.24000   	4143.75000	0.00000   
0.30000   	4143.75000	0.00000   
0.36000   	4143.75000	0.00000   
0.42000   	4143.75000	0.00000   
0.48000   	4143.75000	0.00000   
0.54000   	4143.75000	0.00000   
0.60000   	4143.75000	0.00000   
0.66000   	4143.75000	0.00000   
0.72000   	4143.75000	0.00000   
0.78000   	4143.75000	0.00000   
0.84000   	4143.75000	0.00000   
0.90000   	4143.75000	0.00000   
0.84000   	4143.75000	0.00000   
0.78000   	4143.75000	0.00000   
0.72000   	4143.75000	0.00000   
0.66000   	4143.75000	0.00000   
0.60000   	4143.75000	0.00000   
0.54000   	4143.75000	0.00000   
0.48000   	4143.75000	0.00000   
0.42000   	4143.75000	0.00000   
0.36000   	4143.75000	0.00000   
0.30000   	4143.75000	0.00000   
0.24000   	4143.75000	0.00000   
0.18000   	4143.75000	0.00000   
0.12000   	4143.75000	0.00000   
0.06000   	4143.75000	0.00000   
0.00000   	4143.75000	0.00000   
-0.06000  	4143.75000	0.00000   
-0.12000  	4143.75000	0.00000   
-0.18000  	4143.75000	0.00000   
-0.24000  	4143.75000	0.00000   
-0.30000  	4143.75000	0.00000   
-0.36000  	4143.75000	0.00000   
-0.42000  	4143.75000	0.00000   
-0.48000  	4143.75000	0.00000   
-0.54000  	4143.75000	0.00000   
-0.60000  	4143.75000	0.00000   
-0.66000  	4143.75000	0.00000   
-0.72000  	4143.75000	0.00000   
-0.78000  	4143.75000	0.00000   
-0.84000  	4143.75000	0.00000   
-0.90000  	4143.75000	0.00000   
-0.84000  	4143.75000	0.00000   
-0.78000  	4143.75000	0.00000   
-0.72000  	4143.75000	0.00000   
-0.66000  	4143.75000	0.00000   
-0.60000  	4143.75000	0.00000   
-0.54000  	4143.75000	0.00000   
-0.48000  	4143.75000	0.00000   
-0.42000  	4143.75000	0.00000   
-0.36000  	4143.75000	0.00000   
-0.30000  	4143.75000	0.00000   
-0.24000  	4143.75000	0.00000   
-0.18000  	4143.75000	0.00000   
-0.12000  	4143.75000	0.00000   
-0.06000  	4143.75000	0.00000   
0.00000   	4143.75000	0.00000   
0.06000   	4143.75000	0.00000   
0.12000   	4143.75000	0.00000   
0.18000   	4143.75000	0.00000   
0.24000   	4143.75000	0.00000   
0.30000   	4143.75000	0.00000   
0.36000   	4143.75000	0.00000   
0.42000   	4143.75000	0.00000   
0.48000   	4143.75000	0.00000   
0.54000   	4143.75000	0.00000   
0.60000   	4143.75000	0.00000   
0.66000   	4143.75000	0.00000   
0.72000   	4143.75000	0.00000   
0.78000   	4143.75000	0.00000   
0.84000   	4143.75000	0.00000   
0.90000   	4143.75000	0.00000   
0.84000   	4143.75000	0.00000   
0.78000   	4143.75000	0.00000   
0.72000   	4143.75000	0.00000   
0.66000   	4143.75000	0.00000   
0.60000   	4143.75000	0.00000   
0.54000   	4143.75000	0.00000   
0.48000   	4143.75000	0.00000   
0.42000   	4143.75000	0.00000   
0.36000   	4143.75000	0.00000   
0.30000   	4143.75000	0.00000   
0.24000   	4143.75000	0.00000   
0.18000   	4143.75000	0.00000   
0.12000   	4143.75000	0.00000   
0.06000   	4143.75000	0.00000   
0.00000   	4143.75000	0.00000   
-0.06000  	4143.75000	0.00000   
-0.12000  	4143.75000	0.00000   
-0.18000  	4143.75000	0.00000   
-0.24000  	4143.75000	0.00000   
-0.30000  	4143.75000	0.00000   
-0.36000  	4143.75000	0.00000   
-0.42000  	4143.75000	0.00000   
-0.48000  	4143.75000	0.00000   
-0.54000  	4143.75000	0.00000   
-0.60000  	4143.75000	0.00000   
-0.66000  	4143.75000	0.00000   
-0.72000  	4143.75000	0.00000   
-0.78000  	4143.75000	0.00000   
-0.84000  	4143.75000	0.00000   
-0.90000  	4143.75000	0.00000   
-0.84000  	4143.75000	0.00000   
-0.78000  	4143.75000	0.00000   
-0.72000  	4143.75000	0.00000   
-0.66000  	4143.75000	0.00000   
-0.60000  	4143.75000	0.00000   
-0.54000  	4143.75000	0.00000   
-0.48000  	4143.75000	0.00000   
-0.42000  	4143.75000	0.00000   
-0.36000  	4143.75000	0.00000   
-0.30000  	4143.75000	0.00000   
-0.24000  	4143.75000	0.00000   
-0.18000  	4143.75000	0.00000   
-0.12000  	4143.75000	0.00000   
-0.06000  	4143.75000	0.00000   
0.00000   	4143.75000	0.00000   
0.07000   	4143.75000	0.00000   
0.14000   	4143.75000	0.00000   
0.21000   	4143.75000	0.00000   
0.28000   	4143.75000	0.00000   
0.35000   	4143.75000	0.00000   
0.42000   	4143.75000	0.00000   
0.49000   	4143.75000	0.00000   
0.56000   	4143.75000	0.00000   
0.63000   	4143.75000	0.00000   
0.70000   	4143.75000	0.00000   
0.77000   	4143.75000	0.00000   
0.84000   	4143.75000	0.00000   
0.91000   	4143.75000	0.00000   
0.98000   	4143.75000	0.00000   
1.05000   	4143.75000	0.00000   
0.98000   	4143.75000	0.00000   
0.91000   	4143.75000	0.00000   
0.84000   	4143.75000	0.00000   
0.77000   	4143.75000	0.00000   
0.70000   	4143.75000	0.00000   
0.63000   	4143.75000	0.00000   
0.56000   	4143.75000	0.00000   
0.49000   	4143.75000	0.00000   
0.42000   	4143.75000	0.00000   
0.35000   	4143.75000	0.00000   
0.28000   	4143.75000	0.00000   
0.21000   	4143.75000	0.00000   
0.14000   	4143.75000	0.00000   
0.07000   	4143.75000	0.00000   
0.00000   	4143.75000	0.00000   
-0.07000  	4143.75000	0.00000   
-0.14000  	4143.75000	0.00000   
-0.21000  	4143.75000	0.00000   
-0.28000  	4143.75000	0.00000   
-0.35000  	4143.75000	0.00000   
-0.42000  	4143.75000	0.00000   
-0.49000  	4143.75000	0.00000   
-0.56000  	4143.75000	0.00000   
-0.63000  	4143.75000	0.00000   
-0.70000  	4143.75000	0.00000   
-0.77000  	4143.75000	0.00000   
-0.84000  	4143.75000	0.00000   
-0.91000  	4143.75000	0.00000   
-0.98000  	4143.75000	0.00000   
-1.05000  	4143.75000	0.00000   
-0.98000  	4143.75000	0.00000   
-0.91000  	4143.75000	0.00000   
-0.84000  	4143.75000	0.00000   
-0.77000  	4143.75000	0.00000   
-0.70000  	4143.75000	0.00000   
-0.63000  	4143.75000	0.00000   
-0.56000  	4143.75000	0.00000   
-0.49000  	4143.75000	0.00000   
-0.42000  	4143.75000	0.00000   
-0.35000  	4143.75000	0.00000   
-0.28000  	4143.75000	0.00000   
-0.21000  	4143.75000	0.00000   
-0.14000  	4143.75000	0.00000   
-0.07000  	4143.75000	0.00000   
0.00000   	4143.75000	0.00000   
0.07000   	4143.75000	0.00000   
0.14000   	4143.75000	0.00000   
0.21000   	4143.75000	0.00000   
0.28000   	4143.75000	0.00000   
0.35000   	4143.75000	0.00000   
0.42000   	4143.75000	0.00000   
0.49000   	4143.75000	0.00000   
0.56000   	4143.75000	0.00000   
0.63000   	4143.75000	0.00000   
0.70000   	4143.75000	0.00000   
0.77000   	4143.75000	0.00000   
0.84000   	4143.75000	0.00000   
0.91000   	4143.75000	0.00000   
0.98000   	4143.75000	0.00000   
1.05000   	4143.75000	0.00000   
0.98000   	4143.75000	0.00000   
0.91000   	4143.75000	0.00000   
0.84000   	4143.75000	0.00000   
0.77000   	4143.75000	0.00000   
0.70000   	4143.75000	0.00000   
0.63000   	4143.75000	0.00000   
0.56000   	4143.75000	0.00000   
0.49000   	4143.75000	0.00000   
0.42000   	4143.75000	0.00000   
0.35000   	4143.75000	0.00000   
0.28000   	4143.75000	0.00000   
0.21000   	4143.75000	0.00000   
0.14000   	4143.75000	0.00000   
0.07000   	4143.75000	0.00000   
0.00000   	4143.75000	0.00000   
-0.07000  	4143.75000	0.00000   
-0.14000  	4143.75000	0.00000   
-0.21000  	4143.75000	0.00000   
-0.28000  	4143.75000	0.00000   
-0.35000  	4143.75000	0.00000   
-0.42000  	4143.75000	0.00000   
-0.49000  	4143.75000	0.00000   
-0.56000  	4143.75000	0.00000   
-0.63000  	4143.75000	0.00000   
-0.70000  	4143.75000	0.00000   
-0.77000  	4143.75000	0.00000   
-0.84000  	4143.75000	0.00000   
-0.91000  	4143.75000	0.00000   
-0.98000  	4143.75000	0.00000   
-1.05000  	4143.75000	0.00000   
-0.98000  	4143.75000	0.00000   
-0.91000  	4143.75000	0.00000   
-0.84000  	4143.75000	0.00000   
-0.77000  	4143.75000	0.00000   
-0.70000  	4143.75000	0.00000   
-0.63000  	4143.75000	0.00000   
-0.56000  	4143.75000	0.00000   
-0.49000  	4143.75000	0.00000   
-0.42000  	4143.75000	0.00000   
-0.35000  	4143.75000	0.00000   
-0.28000  	4143.75000	0.00000   
-0.21000  	4143.75000	0.00000   
-0.14000  	4143.75000	0.00000   
-0.07000  	4143.75000	0.00000   
0.00000   	4143.75000	0.00000   
0.08000   	4143.75000	0.00000   
0.16000   	4143.75000	0.00000   
0.24000   	4143.75000	0.00000   
0.32000   	4143.75000	0.00000   
0.40000   	4143.75000	0.00000   
0.48000   	4143.75000	0.00000   
0.56000   	4143.75000	0.00000   
0.64000   	4143.75000	0.00000   
0.72000   	4143.75000	0.00000   
0.80000   	4143.75000	0.00000   
0.88000   	4143.75000	0.00000   
0.96000   	4143.75000	0.00000   
1.04000   	4143.75000	0.00000   
1.12000   	4143.75000	0.00000   
1.20000   	4143.75000	0.00000   
1.12000   	4143.75000	0.00000   
1.04000   	4143.75000	0.00000   
0.96000   	4143.75000	0.00000   
0.88000   	4143.75000	0.00000   
0.80000   	4143.75000	0.00000   
0.72000   	4143.75000	0.00000   
0.64000   	4143.75000	0.00000   
0.56000   	4143.75000	0.00000   
0.48000   	4143.75000	0.00000   
0.40000   	4143.75000	0.00000   
0.32000   	4143.75000	0.00000   
0.24000   	4143.75000	0.00000   
0.16000   	4143.75000	0.00000   
0.08000   	4143.75000	0.00000   
0.00000   	4143.75000	0.00000   
-0.08000  	4143.75000	0.00000   
-0.16000  	4143.75000	0.00000   
-0.24000  	4143.75000	0.00000   
-0.32000  	4143.75000	0.00000   
-0.40000  	4143.75000	0.00000   
-0.48000  	4143.75000	0.00000   
-0.56000  	4143.75000	0.00000   
-0.64000  	4143.75000	0.00000   
-0.72000  	4143.75000	0.00000   
-0.80000  	4143.75000	0.00000   
-0.88000  	4143.75000	0.00000   
-0.96000  	4143.75000	0.00000   
-1.04000  	4143.75000	0.00000   
-1.12000  	4143.75000	0.00000   
-1.20000  	4143.75000	0.00000   
-1.12000  	4143.75000	0.00000   
-1.04000  	4143.75000	0.00000   
-0.96000  	4143.75000	0.00000   
-0.88000  	4143.75000	0.00000   
-0.80000  	4143.75000	0.00000   
-0.72000  	4143.75000	0.00000   
-0.64000  	4143.75000	0.00000   
-0.56000  	4143.75000	0.00000   
-0.48000  	4143.75000	0.00000   
-0.40000  	4143.75000	0.00000   
-0.32000  	4143.75000	0.00000   
-0.24000  	4143.75000	0.00000   
-0.16000  	4143.75000	0.00000   
-0.08000  	4143.75000	0.00000   
0.00000   	4143.75000	0.00000   
0.08000   	4143.75000	0.00000   
0.16000   	4143.75000	0.00000   
0.24000   	4143.75000	0.00000   
0.32000   	4143.75000	0.00000   
0.40000   	4143.75000	0.00000   
0.48000   	4143.75000	0.00000   
0.56000   	4143.75000	0.00000   
0.64000   	4143.75000	0.00000   
0.72000   	4143.75000	0.00000   
0.80000   	4143.75000	0.00000   
0.88000   	4143.75000	0.00000   
0.96000   	4143.75000	0.00000   
1.04000   	4143.75000	0.00000   
1.12000   	4143.75000	0.00000   
1.20000   	4143.75000	0.00000   
1.12000   	4143.75000	0.00000   
1.04000   	4143.75000	0.00000   
0.96000   	4143.75000	0.00000   
0.88000   	4143.75000	0.00000   
0.80000   	4143.75000	0.00000   
0.72000   	4143.75000	0.00000   
0.64000   	4143.75000	0.00000   
0.56000   	4143.75000	0.00000   
0.48000   	4143.75000	0.00000   
0.40000   	4143.75000	0.00000   
0.32000   	4143.75000	0.00000   
0.24000   	4143.75000	0.00000   
0.16000   	4143.75000	0.00000   
0.08000   	4143.75000	0.00000   
0.00000   	4143.75000	0.00000   
-0.08000  	4143.75000	0.00000   
-0.16000  	4143.75000	0.00000   
-0.24000  	4143.75000	0.00000   
-0.32000  	4143.75000	0.00000   
-0.40000  	4143.75000	0.00000   
-0.48000  	4143.75000	0.00000   
-0.56000  	4143.75000	0.00000   
-0.64000  	4143.75000	0.00000   
-0.72000  	4143.75000	0.00000   
-0.80000  	4143.75000	0.00000   
-0.88000  	4143.75000	0.00000   
-0.96000  	4143.75000	0.00000   
-1.04000  	4143.75000	0.00000   
-1.12000  	4143.75000	0.00000   
-1.20000  	4143.75000	0.00000   
-1.12000  	4143.75000	0.00000   
-1.04000  	4143.75000	0.00000   
-0.96000  	4143.75000	0.00000   
-0.88000  	4143.75000	0.00000   
-0.80000  	4143.75000	0.00000   
-0.72000  	4143.75000	0.00000   
-0.64000  	4143.75000	0.00000   
-0.56000  	4143.75000	0.00000   
-0.48000  	4143.75000	0.00000   
-0.40000  	4143.75000	0.00000   
-0.32000  	4143.75000	0.00000   
-0.24000  	4143.75000	0.00000   
-0.16000  	4143.75000	0.00000   
-0.08000  	4143.75000	0.00000   
0.00000   	4143.75000	0.00000   
0.09000   	4143.75000	0.00000   
0.18000   	4143.75000	0.00000   
0.27000   	4143.75000	0.00000   
0.36000   	4143.75000	0.00000   
0.45000   	4143.75000	0.00000   
0.54000   	4143.75000	0.00000   
0.63000   	4143.75000	0.00000   
0.72000   	4143.75000	0.00000   
0.81000   	4143.75000	0.00000   
0.90000   	4143.75000	0.00000   
0.99000   	4143.75000	0.00000   
1.08000   	4143.75000	0.00000   
1.17000   	4143.75000	0.00000   
1.26000   	4143.75000	0.00000   
1.35000   	4143.75000	0.00000   
1.26000   	4143.75000	0.00000   
1.17000   	4143.75000	0.00000   
1.08000   	4143.75000	0.00000   
0.99000   	4143.75000	0.00000   
0.90000   	4143.75000	0.00000   
0.81000   	4143.75000	0.00000   
0.72000   	4143.75000	0.00000   
0.63000   	4143.75000	0.00000   
0.54000   	4143.75000	0.00000   
0.45000   	4143.75000	0.00000   
0.36000   	4143.75000	0.00000   
0.27000   	4143.75000	0.00000   
0.18000   	4143.75000	0.00000   
0.09000   	4143.75000	0.00000   
0.00000   	4143.75000	0.00000   
-0.09000  	4143.75000	0.00000   
-0.18000  	4143.75000	0.00000   
-0.27000  	4143.75000	0.00000   
-0.36000  	4143.75000	0.00000   
-0.45000  	4143.75000	0.00000   
-0.54000  	4143.75000	0.00000   
-0.63000  	4143.75000	0.00000   
-0.72000  	4143.75000	0.00000   
-0.81000  	4143.75000	0.00000   
-0.90000  	4143.75000	0.00000   
-0.99000  	4143.75000	0.00000   
-1.08000  	4143.75000	0.00000   
-1.17000  	4143.75000	0.00000   
-1.26000  	4143.75000	0.00000   
-1.35000  	4143.75000	0.00000   
-1.26000  	4143.75000	0.00000   
-1.17000  	4143.75000	0.00000   
-1.08000  	4143.75000	0.00000   
-0.99000  	4143.75000	0.00000   
-0.90000  	4143.75000	0.00000   
-0.81000  	4143.75000	0.00000   
-0.72000  	4143.75000	0.00000   
-0.63000  	4143.75000	0.00000   
-0.54000  	4143.75000	0.00000   
-0.45000  	4143.75000	0.00000   
-0.36000  	4143.75000	0.00000   
-0.27000  	4143.75000	0.00000   
-0.18000  	4143.75000	0.00000   
-0.09000  	4143.75000	0.00000   
0.00000   	4143.75000	0.00000   
0.09000   	4143.75000	0.00000   
0.18000   	4143.75000	0.00000   
0.27000   	4143.75000	0.00000   
0.36000   	4143.75000	0.00000   
0.45000   	4143.75000	0.00000   
0.54000   	4143.75000	0.00000   
0.63000   	4143.75000	0.00000   
0.72000   	4143.75000	0.00000   
0.81000   	4143.75000	0.00000   
0.90000   	4143.75000	0.00000   
0.99000   	4143.75000	0.00000   
1.08000   	4143.75000	0.00000   
1.17000   	4143.75000	0.00000   
1.26000   	4143.75000	0.00000   
1.35000   	4143.75000	0.00000   
1.26000   	4143.75000	0.00000   
1.17000   	4143.75000	0.00000   
1.08000   	4143.75000	0.00000   
0.99000   	4143.75000	0.00000   
0.90000   	4143.75000	0.00000   
0.81000   	4143.75000	0.00000   
0.72000   	4143.75000	0.00000   
0.63000   	4143.75000	0.00000   
0.54000   	4143.75000	0.00000   
0.45000   	4143.75000	0.00000   
0.36000   	4143.75000	0.00000   
0.27000   	4143.75000	0.00000   
0.18000   	4143.75000	0.00000   
0.09000   	4143.75000	0.00000   
0.00000   	4143.75000	0.00000   
-0.09000  	4143.75000	0.00000   
-0.18000  	4143.75000	0.00000   
-0.27000  	4143.75000	0.00000   
-0.36000  	4143.75000	0.00000   
-0.45000  	4143.75000	0.00000   
-0.54000  	4143.75000	0.00000   
-0.63000  	4143.75000	0.00000   
-0.72000  	4143.75000	0.00000   
-0.81000  	4143.75000	0.00000   
-0.90000  	4143.75000	0.00000   
-0.99000  	4143.75000	0.00000   
-1.08000  	4143.75000	0.00000   
-1.17000  	4143.75000	0.00000   
-1.26000  	4143.75000	0.00000   
-1.35000  	4143.75000	0.00000   
-1.26000  	4143.75000	0.00000   
-1.17000  	4143.75000	0.00000   
-1.08000  	4143.75000	0.00000   
-0.99000  	4143.75000	0.00000   
-0.90000  	4143.75000	0.00000   
-0.81000  	4143.75000	0.00000   
-0.72000  	4143.75000	0.00000   
-0.63000  	4143.75000	0.00000   
-0.54000  	4143.75000	0.00000   
-0.45000  	4143.75000	0.00000   
-0.36000  	4143.75000	0.00000   
-0.27000  	4143.75000	0.00000   
-0.18000  	4143.75000	0.00000   
-0.09000  	4143.75000	0.00000   
0.00000   	4143.75000	0.00000   
0.10000   	4143.75000	0.00000   
0.20000   	4143.75000	0.00000   
0.30000   	4143.75000	0.00000   
0.40000   	4143.75000	0.00000   
0.50000   	4143.75000	0.00000   
0.60000   	4143.75000	0.00000   
0.70000   	4143.75000	0.00000   
0.80000   	4143.75000	0.00000   
0.90000   	4143.75000	0.00000   
1.00000   	4143.75000	0.00000   
1.10000   	4143.75000	0.00000   
1.20000   	4143.75000	0.00000   
1.30000   	4143.75000	0.00000   
1.40000   	4143.75000	0.00000   
1.50000   	4143.75000	0.00000   
1.40000   	4143.75000	0.00000   
1.30000   	4143.75000	0.00000   
1.20000   	4143.75000	0.00000   
1.10000   	4143.75000	0.00000   
1.00000   	4143.75000	0.00000   
0.90000   	4143.75000	0.00000   
0.80000   	4143.75000	0.00000   
0.70000   	4143.75000	0.00000   
0.60000   	4143.75000	0.00000   
0.50000   	4143.75000	0.00000   
0.40000   	4143.75000	0.00000   
0.30000   	4143.75000	0.00000   
0.20000   	4143.75000	0.00000   
0.10000   	4143.75000	0.00000   
0.00000   	4143.75000	0.00000   
-0.10000  	4143.75000	0.00000   
-0.20000  	4143.75000	0.00000   
-0.30000  	4143.75000	0.00000   
-0.40000  	4143.75000	0.00000   
-0.50000  	4143.75000	0.00000   
-0.60000  	4143.75000	0.00000   
-0.70000  	4143.75000	0.00000   
-0.80000  	4143.75000	0.00000   
-0.90000  	4143.75000	0.00000   
-1.00000  	4143.75000	0.00000   
-1.10000  	4143.75000	0.00000   
-1.20000  	4143.75000	0.00000   
-1.30000  	4143.75000	0.00000   
-1.40000  	4143.75000	0.00000   
-1.50000  	4143.75000	0.00000   
-1.40000  	4143.75000	0.00000   
-1.30000  	4143.75000	0.00000   
-1.20000  	4143.75000	0.00000   
-1.10000  	4143.75000	0.00000   
-1.00000  	4143.75000	0.00000   
-0.90000  	4143.75000	0.00000   
-0.80000  	4143.75000	0.00000   
-0.70000  	4143.75000	0.00000   
-0.60000  	4143.75000	0.00000   
-0.50000  	4143.75000	0.00000   
-0.40000  	4143.75000	0.00000   
-0.30000  	4143.75000	0.00000   
-0.20000  	4143.75000	0.00000   
-0.10000  	4143.75000	0.00000   
0.00000   	4143.75000	0.00000   
0.10000   	4143.75000	0.00000   
0.20000   	4143.75000	0.00000   
0.30000   	4143.75000	0.00000   
0.40000   	4143.75000	0.00000   
0.50000   	4143.75000	0.00000   
0.60000   	4143.75000	0.00000   
0.70000   	4143.75000	0.00000   
0.80000   	4143.75000	0.00000   
0.90000   	4143.75000	0.00000   
1.00000   	4143.75000	0.00000   
1.10000   	4143.75000	0.00000   
1.20000   	4143.75000	0.00000   
1.30000   	4143.75000	0.00000   
1.40000   	4143.75000	0.00000   
1.50000   	4143.75000	0.00000   
1.40000   	4143.75000	0.00000   
1.30000   	4143.75000	0.00000   
1.20000   	4143.75000	0.00000   
1.10000   	4143.75000	0.00000   
1.00000   	4143.75000	0.00000   
0.90000   	4143.75000	0.00000   
0.80000   	4143.75000	0.00000   
0.70000   	4143.75000	0.00000   
0.60000   	4143.75000	0.00000   
0.50000   	4143.75000	0.00000   
0.40000   	4143.75000	0.00000   
0.30000   	4143.75000	0.00000   
0.20000   	4143.75000	0.00000   
0.10000   	4143.75000	0.00000   
0.00000   	4143.75000	0.00000   
-0.10000  	4143.75000	0.00000   
-0.20000  	4143.75000	0.00000   
-0.30000  	4143.75000	0.00000   
-0.40000  	4143.75000	0.00000   
-0.50000  	4143.75000	0.00000   
-0.60000  	4143.75000	0.00000   
-0.70000  	4143.75000	0.00000   
-0.80000  	4143.75000	0.00000   
-0.90000  	4143.75000	0.00000   
-1.00000  	4143.75000	0.00000   
-1.10000  	4143.75000	0.00000   
-1.20000  	4143.75000	0.00000   
-1.30000  	4143.75000	0.00000   
-1.40000  	4143.75000	0.00000   
-1.50000  	4143.75000	0.00000   
-1.40000  	4143.75000	0.00000   
-1.30000  	4143.75000	0.00000   
-1.20000  	4143.75000	0.00000   
-1.10000  	4143.75000	0.00000   
-1.00000  	4143.75000	0.00000   
-0.90000  	4143.75000	0.00000   
-0.80000  	4143.75000	0.00000   
-0.70000  	4143.75000	0.00000   
-0.60000  	4143.75000	0.00000   
-0.50000  	4143.75000	0.00000   
-0.40000  	4143.75000	0.00000   
-0.30000  	4143.75000	0.00000   
-0.20000  	4143.75000	0.00000   
-0.10000  	4143.75000	0.00000   
0.00000   	4143.75000	0.00000   
