0.0000 0.0000 
0.0000 33.3333 
0.0000 66.6667 
0.0000 100.0000 
0.0000 133.3333 
0.0000 166.6667 
0.0000 200.0000 
0.0000 233.3333 
0.0000 266.6667 
0.0000 300.0000 
0.0000 300.0000 
0.0250 300.0000 
0.0500 300.0000 
0.0750 300.0000 
0.1000 300.0000 
0.1000 300.0000 
0.0778 300.0000 
0.0556 300.0000 
0.0333 300.0000 
0.0111 300.0000 
-0.0111 300.0000 
-0.0333 300.0000 
-0.0556 300.0000 
-0.0778 300.0000 
-0.1000 300.0000 
-0.1000 300.0000 
-0.0786 300.0000 
-0.0571 300.0000 
-0.0357 300.0000 
-0.0143 300.0000 