0.0000 0.0000 
0.0000 75.0000 
0.0000 150.0000 
0.0000 225.0000 
0.0000 300.0000 
0.2000 300.0000 
0.2000 300.0000 
-0.2000 300.0000 
-0.2000 300.0000 
0.1000 300.0000 
0.4000 300.0000 
0.4000 300.0000 
0.1333 300.0000 
-0.1333 300.0000 
-0.4000 300.0000 
-0.4000 300.0000 
-0.1500 300.0000 
0.1000 300.0000 
0.3500 300.0000 
0.6000 300.0000 
0.6000 300.0000 
0.3600 300.0000 
0.1200 300.0000 
-0.1200 300.0000 
-0.3600 300.0000 
-0.6000 300.0000 
-0.6000 300.0000 
-0.3667 300.0000 
-0.1333 300.0000 
0.1000 300.0000 
0.3333 300.0000 
0.5667 300.0000 
0.8000 300.0000 
0.8000 300.0000 
0.5714 300.0000 
0.3429 300.0000 
0.1143 300.0000 
-0.1143 300.0000 
-0.3429 300.0000 
-0.5714 300.0000 
-0.8000 300.0000 
-0.8000 300.0000 
-0.5750 300.0000 
-0.3500 300.0000 
-0.1250 300.0000 
0.1000 300.0000 
0.3250 300.0000 
0.5500 300.0000 
0.7750 300.0000 
1.0000 300.0000 
1.0000 300.0000 
0.7778 300.0000 
0.5556 300.0000 
0.3333 300.0000 
0.1111 300.0000 
-0.1111 300.0000 
-0.3333 300.0000 
-0.5556 300.0000 
-0.7778 300.0000 
-1.0000 300.0000 
-1.0000 300.0000 
-0.7500 300.0000 
-0.5000 300.0000 
-0.2500 300.0000 
0.0000 300.0000 
