0.072
0.144
0.216
0.288
0.36
0.432
0.504
0.576
0.648
0.72
0.648
0.576
0.504
0.432
0.36
0.288
0.216
0.144
0.072
0
-0.072
-0.144
-0.216
-0.288
-0.36
-0.432
-0.504
-0.576
-0.648
-0.72
-0.648
-0.576
-0.504
-0.432
-0.36
-0.288
-0.216
-0.144
-0.072
0
0.072
0.144
0.216
0.288
0.36
0.432
0.504
0.576
0.648
0.72
0.648
0.576
0.504
0.432
0.36
0.288
0.216
0.144
0.072
0
-0.072
-0.144
-0.216
-0.288
-0.36
-0.432
-0.504
-0.576
-0.648
-0.72
-0.648
-0.576
-0.504
-0.432
-0.36
-0.288
-0.216
-0.144
-0.072
0
