0
-0.03
-0.06
-0.09
-0.12
-0.15
-0.18
-0.21
-0.24
-0.27
-0.3
-0.27
-0.24
-0.21
-0.18
-0.15
-0.12
-0.09
-0.06
-0.03
0
0.03
0.06
0.09
0.12
0.15
0.18
0.21
0.24
0.27
0.3
0.27
0.24
0.21
0.18
0.15
0.12
0.09
0.06
0.03
0
-0.03
-0.06
-0.09
-0.12
-0.15
-0.18
-0.21
-0.24
-0.27
-0.3
-0.27
-0.24
-0.21
-0.18
-0.15
-0.12
-0.09
-0.06
-0.03
0
0.05
0.1
0.15
0.2
0.25
0.3
0.35
0.4
0.45
0.5
0.45
0.4
0.35
0.3
0.25
0.2
0.15
0.1
0.05
0
-0.05
-0.1
-0.15
-0.2
-0.25
-0.3
-0.35
-0.4
-0.45
-0.5
-0.45
-0.4
-0.35
-0.3
-0.25
-0.2
-0.15
-0.1
-0.05
0
0.05
0.1
0.15
0.2
0.25
0.3
0.35
0.4
0.45
0.5
0.45
0.4
0.35
0.3
0.25
0.2
0.15
0.1
0.05
0
-0.05
-0.1
-0.15
-0.2
-0.25
-0.3
-0.35
-0.4
-0.45
-0.5
-0.45
-0.4
-0.35
-0.3
-0.25
-0.2
-0.15
-0.1
-0.05
0