0.00000   	0.00000   	0.00000   
0.00000   	189.77679 	0.00000   
0.00000   	379.55357 	0.00000   
0.00000   	569.33036 	0.00000   
0.00000   	759.10714 	0.00000   
0.00000   	948.88393 	0.00000   
0.00000   	1138.66071	0.00000   
0.00000   	1328.43750	0.00000   
0.00000   	1518.21429	0.00000   
0.00000   	1707.99107	0.00000   
0.00000   	1897.76786	0.00000   
0.00000   	2087.54464	0.00000   
0.00000   	2277.32143	0.00000   
0.00000   	2467.09821	0.00000   
0.00000   	2656.87500	0.00000   
-0.00150  	2656.87500	0.00000   
-0.00300  	2656.87500	0.00000   
-0.00450  	2656.87500	0.00000   
-0.00600  	2656.87500	0.00000   
-0.00750  	2656.87500	0.00000   
-0.00900  	2656.87500	0.00000   
-0.01050  	2656.87500	0.00000   
-0.01200  	2656.87500	0.00000   
-0.01350  	2656.87500	0.00000   
-0.01500  	2656.87500	0.00000   
-0.01650  	2656.87500	0.00000   
-0.01800  	2656.87500	0.00000   
-0.01950  	2656.87500	0.00000   
-0.02100  	2656.87500	0.00000   
-0.02250  	2656.87500	0.00000   
-0.02400  	2656.87500	0.00000   
-0.02550  	2656.87500	0.00000   
-0.02700  	2656.87500	0.00000   
-0.02850  	2656.87500	0.00000   
-0.03000  	2656.87500	0.00000   
-0.03150  	2656.87500	0.00000   
-0.03300  	2656.87500	0.00000   
-0.03450  	2656.87500	0.00000   
-0.03600  	2656.87500	0.00000   
-0.03750  	2656.87500	0.00000   
-0.03900  	2656.87500	0.00000   
-0.04050  	2656.87500	0.00000   
-0.04200  	2656.87500	0.00000   
-0.04350  	2656.87500	0.00000   
-0.04500  	2656.87500	0.00000   
-0.04650  	2656.87500	0.00000   
-0.04800  	2656.87500	0.00000   
-0.04950  	2656.87500	0.00000   
-0.05100  	2656.87500	0.00000   
-0.05250  	2656.87500	0.00000   
-0.05400  	2656.87500	0.00000   
-0.05550  	2656.87500	0.00000   
-0.05700  	2656.87500	0.00000   
-0.05850  	2656.87500	0.00000   
-0.06000  	2656.87500	0.00000   
-0.06150  	2656.87500	0.00000   
-0.06300  	2656.87500	0.00000   
-0.06450  	2656.87500	0.00000   
-0.06600  	2656.87500	0.00000   
-0.06750  	2656.87500	0.00000   
-0.06900  	2656.87500	0.00000   
-0.07050  	2656.87500	0.00000   
-0.07200  	2656.87500	0.00000   
-0.07350  	2656.87500	0.00000   
-0.07500  	2656.87500	0.00000   
-0.07650  	2656.87500	0.00000   
-0.07800  	2656.87500	0.00000   
-0.07950  	2656.87500	0.00000   
-0.08100  	2656.87500	0.00000   
-0.08250  	2656.87500	0.00000   
-0.08400  	2656.87500	0.00000   
-0.08550  	2656.87500	0.00000   
-0.08700  	2656.87500	0.00000   
-0.08850  	2656.87500	0.00000   
-0.09000  	2656.87500	0.00000   
-0.09150  	2656.87500	0.00000   
-0.09300  	2656.87500	0.00000   
-0.09450  	2656.87500	0.00000   
-0.09600  	2656.87500	0.00000   
-0.09750  	2656.87500	0.00000   
-0.09900  	2656.87500	0.00000   
-0.10050  	2656.87500	0.00000   
-0.10200  	2656.87500	0.00000   
-0.10350  	2656.87500	0.00000   
-0.10500  	2656.87500	0.00000   
-0.10650  	2656.87500	0.00000   
-0.10800  	2656.87500	0.00000   
-0.10950  	2656.87500	0.00000   
-0.11100  	2656.87500	0.00000   
-0.11250  	2656.87500	0.00000   
-0.11400  	2656.87500	0.00000   
-0.11550  	2656.87500	0.00000   
-0.11700  	2656.87500	0.00000   
-0.11850  	2656.87500	0.00000   
-0.12000  	2656.87500	0.00000   
-0.12150  	2656.87500	0.00000   
-0.12300  	2656.87500	0.00000   
-0.12450  	2656.87500	0.00000   
-0.12600  	2656.87500	0.00000   
-0.12750  	2656.87500	0.00000   
-0.12900  	2656.87500	0.00000   
-0.13050  	2656.87500	0.00000   
-0.13200  	2656.87500	0.00000   
-0.13350  	2656.87500	0.00000   
-0.13500  	2656.87500	0.00000   
-0.13650  	2656.87500	0.00000   
-0.13800  	2656.87500	0.00000   
-0.13950  	2656.87500	0.00000   
-0.14100  	2656.87500	0.00000   
-0.14250  	2656.87500	0.00000   
-0.14400  	2656.87500	0.00000   
-0.14550  	2656.87500	0.00000   
-0.14700  	2656.87500	0.00000   
-0.14850  	2656.87500	0.00000   
-0.15000  	2656.87500	0.00000   
-0.15150  	2656.87500	0.00000   
-0.15300  	2656.87500	0.00000   
-0.15450  	2656.87500	0.00000   
-0.15600  	2656.87500	0.00000   
-0.15750  	2656.87500	0.00000   
-0.15900  	2656.87500	0.00000   
-0.16050  	2656.87500	0.00000   
-0.16200  	2656.87500	0.00000   
-0.16350  	2656.87500	0.00000   
-0.16500  	2656.87500	0.00000   
-0.16650  	2656.87500	0.00000   
-0.16800  	2656.87500	0.00000   
-0.16950  	2656.87500	0.00000   
-0.17100  	2656.87500	0.00000   
-0.17250  	2656.87500	0.00000   
-0.17400  	2656.87500	0.00000   
-0.17550  	2656.87500	0.00000   
-0.17700  	2656.87500	0.00000   
-0.17850  	2656.87500	0.00000   
-0.18000  	2656.87500	0.00000   
-0.18150  	2656.87500	0.00000   
-0.18300  	2656.87500	0.00000   
-0.18450  	2656.87500	0.00000   
-0.18600  	2656.87500	0.00000   
-0.18750  	2656.87500	0.00000   
-0.18900  	2656.87500	0.00000   
-0.19050  	2656.87500	0.00000   
-0.19200  	2656.87500	0.00000   
-0.19350  	2656.87500	0.00000   
-0.19500  	2656.87500	0.00000   
-0.19650  	2656.87500	0.00000   
-0.19800  	2656.87500	0.00000   
-0.19950  	2656.87500	0.00000   
-0.20100  	2656.87500	0.00000   
-0.20250  	2656.87500	0.00000   
-0.20400  	2656.87500	0.00000   
-0.20550  	2656.87500	0.00000   
-0.20700  	2656.87500	0.00000   
-0.20850  	2656.87500	0.00000   
-0.21000  	2656.87500	0.00000   
-0.21150  	2656.87500	0.00000   
-0.21300  	2656.87500	0.00000   
-0.21450  	2656.87500	0.00000   
-0.21600  	2656.87500	0.00000   
-0.21750  	2656.87500	0.00000   
-0.21900  	2656.87500	0.00000   
-0.22050  	2656.87500	0.00000   
-0.22200  	2656.87500	0.00000   
-0.22350  	2656.87500	0.00000   
-0.22500  	2656.87500	0.00000   
-0.22650  	2656.87500	0.00000   
-0.22800  	2656.87500	0.00000   
-0.22950  	2656.87500	0.00000   
-0.23100  	2656.87500	0.00000   
-0.23250  	2656.87500	0.00000   
-0.23400  	2656.87500	0.00000   
-0.23550  	2656.87500	0.00000   
-0.23700  	2656.87500	0.00000   
-0.23850  	2656.87500	0.00000   
-0.24000  	2656.87500	0.00000   
-0.24150  	2656.87500	0.00000   
-0.24300  	2656.87500	0.00000   
-0.24450  	2656.87500	0.00000   
-0.24600  	2656.87500	0.00000   
-0.24750  	2656.87500	0.00000   
-0.24900  	2656.87500	0.00000   
-0.25050  	2656.87500	0.00000   
-0.25200  	2656.87500	0.00000   
-0.25350  	2656.87500	0.00000   
-0.25500  	2656.87500	0.00000   
-0.25650  	2656.87500	0.00000   
-0.25800  	2656.87500	0.00000   
-0.25950  	2656.87500	0.00000   
-0.26100  	2656.87500	0.00000   
-0.26250  	2656.87500	0.00000   
-0.26400  	2656.87500	0.00000   
-0.26550  	2656.87500	0.00000   
-0.26700  	2656.87500	0.00000   
-0.26850  	2656.87500	0.00000   
-0.27000  	2656.87500	0.00000   
-0.27150  	2656.87500	0.00000   
-0.27300  	2656.87500	0.00000   
-0.27450  	2656.87500	0.00000   
-0.27600  	2656.87500	0.00000   
-0.27750  	2656.87500	0.00000   
-0.27900  	2656.87500	0.00000   
-0.28050  	2656.87500	0.00000   
-0.28200  	2656.87500	0.00000   
-0.28350  	2656.87500	0.00000   
-0.28500  	2656.87500	0.00000   
-0.28650  	2656.87500	0.00000   
-0.28800  	2656.87500	0.00000   
-0.28950  	2656.87500	0.00000   
-0.29100  	2656.87500	0.00000   
-0.29250  	2656.87500	0.00000   
-0.29400  	2656.87500	0.00000   
-0.29550  	2656.87500	0.00000   
-0.29700  	2656.87500	0.00000   
-0.29850  	2656.87500	0.00000   
-0.30000  	2656.87500	0.00000   
-0.30150  	2656.87500	0.00000   
-0.30300  	2656.87500	0.00000   
-0.30450  	2656.87500	0.00000   
-0.30600  	2656.87500	0.00000   
-0.30750  	2656.87500	0.00000   
-0.30900  	2656.87500	0.00000   
-0.31050  	2656.87500	0.00000   
-0.31200  	2656.87500	0.00000   
-0.31350  	2656.87500	0.00000   
-0.31500  	2656.87500	0.00000   
-0.31650  	2656.87500	0.00000   
-0.31800  	2656.87500	0.00000   
-0.31950  	2656.87500	0.00000   
-0.32100  	2656.87500	0.00000   
-0.32250  	2656.87500	0.00000   
-0.32400  	2656.87500	0.00000   
-0.32550  	2656.87500	0.00000   
-0.32700  	2656.87500	0.00000   
-0.32850  	2656.87500	0.00000   
-0.33000  	2656.87500	0.00000   
-0.33150  	2656.87500	0.00000   
-0.33300  	2656.87500	0.00000   
-0.33450  	2656.87500	0.00000   
-0.33600  	2656.87500	0.00000   
-0.33750  	2656.87500	0.00000   
-0.33900  	2656.87500	0.00000   
-0.34050  	2656.87500	0.00000   
-0.34200  	2656.87500	0.00000   
-0.34350  	2656.87500	0.00000   
-0.34500  	2656.87500	0.00000   
-0.34650  	2656.87500	0.00000   
-0.34800  	2656.87500	0.00000   
-0.34950  	2656.87500	0.00000   
-0.35100  	2656.87500	0.00000   
-0.35250  	2656.87500	0.00000   
-0.35400  	2656.87500	0.00000   
-0.35550  	2656.87500	0.00000   
-0.35700  	2656.87500	0.00000   
-0.35850  	2656.87500	0.00000   
-0.36000  	2656.87500	0.00000   
-0.36150  	2656.87500	0.00000   
-0.36300  	2656.87500	0.00000   
-0.36450  	2656.87500	0.00000   
-0.36600  	2656.87500	0.00000   
-0.36750  	2656.87500	0.00000   
-0.36900  	2656.87500	0.00000   
-0.37050  	2656.87500	0.00000   
-0.37200  	2656.87500	0.00000   
-0.37350  	2656.87500	0.00000   
-0.37500  	2656.87500	0.00000   
-0.37650  	2656.87500	0.00000   
-0.37800  	2656.87500	0.00000   
-0.37950  	2656.87500	0.00000   
-0.38100  	2656.87500	0.00000   
-0.38250  	2656.87500	0.00000   
-0.38400  	2656.87500	0.00000   
-0.38550  	2656.87500	0.00000   
-0.38700  	2656.87500	0.00000   
-0.38850  	2656.87500	0.00000   
-0.39000  	2656.87500	0.00000   
-0.39150  	2656.87500	0.00000   
-0.39300  	2656.87500	0.00000   
-0.39450  	2656.87500	0.00000   
-0.39600  	2656.87500	0.00000   
-0.39750  	2656.87500	0.00000   
-0.39900  	2656.87500	0.00000   
-0.40050  	2656.87500	0.00000   
-0.40200  	2656.87500	0.00000   
-0.40350  	2656.87500	0.00000   
-0.40500  	2656.87500	0.00000   
-0.40650  	2656.87500	0.00000   
-0.40800  	2656.87500	0.00000   
-0.40950  	2656.87500	0.00000   
-0.41100  	2656.87500	0.00000   
-0.41250  	2656.87500	0.00000   
-0.41400  	2656.87500	0.00000   
-0.41550  	2656.87500	0.00000   
-0.41700  	2656.87500	0.00000   
-0.41850  	2656.87500	0.00000   
-0.42000  	2656.87500	0.00000   
-0.42150  	2656.87500	0.00000   
-0.42300  	2656.87500	0.00000   
-0.42450  	2656.87500	0.00000   
-0.42600  	2656.87500	0.00000   
-0.42750  	2656.87500	0.00000   
-0.42900  	2656.87500	0.00000   
-0.43050  	2656.87500	0.00000   
-0.43200  	2656.87500	0.00000   
-0.43350  	2656.87500	0.00000   
-0.43500  	2656.87500	0.00000   
-0.43650  	2656.87500	0.00000   
-0.43800  	2656.87500	0.00000   
-0.43950  	2656.87500	0.00000   
-0.44100  	2656.87500	0.00000   
-0.44250  	2656.87500	0.00000   
-0.44400  	2656.87500	0.00000   
-0.44550  	2656.87500	0.00000   
-0.44700  	2656.87500	0.00000   
-0.44850  	2656.87500	0.00000   
-0.45000  	2656.87500	0.00000   
-0.45150  	2656.87500	0.00000   
-0.45300  	2656.87500	0.00000   
-0.45450  	2656.87500	0.00000   
-0.45600  	2656.87500	0.00000   
-0.45750  	2656.87500	0.00000   
-0.45900  	2656.87500	0.00000   
-0.46050  	2656.87500	0.00000   
-0.46200  	2656.87500	0.00000   
-0.46350  	2656.87500	0.00000   
-0.46500  	2656.87500	0.00000   
-0.46650  	2656.87500	0.00000   
-0.46800  	2656.87500	0.00000   
-0.46950  	2656.87500	0.00000   
-0.47100  	2656.87500	0.00000   
-0.47250  	2656.87500	0.00000   
-0.47400  	2656.87500	0.00000   
-0.47550  	2656.87500	0.00000   
-0.47700  	2656.87500	0.00000   
-0.47850  	2656.87500	0.00000   
-0.48000  	2656.87500	0.00000   
-0.48150  	2656.87500	0.00000   
-0.48300  	2656.87500	0.00000   
-0.48450  	2656.87500	0.00000   
-0.48600  	2656.87500	0.00000   
-0.48750  	2656.87500	0.00000   
-0.48900  	2656.87500	0.00000   
-0.49050  	2656.87500	0.00000   
-0.49200  	2656.87500	0.00000   
-0.49350  	2656.87500	0.00000   
-0.49500  	2656.87500	0.00000   
-0.49650  	2656.87500	0.00000   
-0.49800  	2656.87500	0.00000   
-0.49950  	2656.87500	0.00000   
-0.50100  	2656.87500	0.00000   
-0.50250  	2656.87500	0.00000   
-0.50400  	2656.87500	0.00000   
-0.50550  	2656.87500	0.00000   
-0.50700  	2656.87500	0.00000   
-0.50850  	2656.87500	0.00000   
-0.51000  	2656.87500	0.00000   
-0.51150  	2656.87500	0.00000   
-0.51300  	2656.87500	0.00000   
-0.51450  	2656.87500	0.00000   
-0.51600  	2656.87500	0.00000   
-0.51750  	2656.87500	0.00000   
-0.51900  	2656.87500	0.00000   
-0.52050  	2656.87500	0.00000   
-0.52200  	2656.87500	0.00000   
-0.52350  	2656.87500	0.00000   
-0.52500  	2656.87500	0.00000   
-0.52650  	2656.87500	0.00000   
-0.52800  	2656.87500	0.00000   
-0.52950  	2656.87500	0.00000   
-0.53100  	2656.87500	0.00000   
-0.53250  	2656.87500	0.00000   
-0.53400  	2656.87500	0.00000   
-0.53550  	2656.87500	0.00000   
-0.53700  	2656.87500	0.00000   
-0.53850  	2656.87500	0.00000   
-0.54000  	2656.87500	0.00000   
-0.54150  	2656.87500	0.00000   
-0.54300  	2656.87500	0.00000   
-0.54450  	2656.87500	0.00000   
-0.54600  	2656.87500	0.00000   
-0.54750  	2656.87500	0.00000   
-0.54900  	2656.87500	0.00000   
-0.55050  	2656.87500	0.00000   
-0.55200  	2656.87500	0.00000   
-0.55350  	2656.87500	0.00000   
-0.55500  	2656.87500	0.00000   
-0.55650  	2656.87500	0.00000   
-0.55800  	2656.87500	0.00000   
-0.55950  	2656.87500	0.00000   
-0.56100  	2656.87500	0.00000   
-0.56250  	2656.87500	0.00000   
-0.56400  	2656.87500	0.00000   
-0.56550  	2656.87500	0.00000   
-0.56700  	2656.87500	0.00000   
-0.56850  	2656.87500	0.00000   
-0.57000  	2656.87500	0.00000   
-0.57150  	2656.87500	0.00000   
-0.57300  	2656.87500	0.00000   
-0.57450  	2656.87500	0.00000   
-0.57600  	2656.87500	0.00000   
-0.57750  	2656.87500	0.00000   
-0.57900  	2656.87500	0.00000   
-0.58050  	2656.87500	0.00000   
-0.58200  	2656.87500	0.00000   
-0.58350  	2656.87500	0.00000   
-0.58500  	2656.87500	0.00000   
-0.58650  	2656.87500	0.00000   
-0.58800  	2656.87500	0.00000   
-0.58950  	2656.87500	0.00000   
-0.59100  	2656.87500	0.00000   
-0.59250  	2656.87500	0.00000   
-0.59400  	2656.87500	0.00000   
-0.59550  	2656.87500	0.00000   
-0.59700  	2656.87500	0.00000   
-0.59850  	2656.87500	0.00000   
-0.60000  	2656.87500	0.00000   
-0.60150  	2656.87500	0.00000   
-0.60300  	2656.87500	0.00000   
-0.60450  	2656.87500	0.00000   
-0.60600  	2656.87500	0.00000   
-0.60750  	2656.87500	0.00000   
-0.60900  	2656.87500	0.00000   
-0.61050  	2656.87500	0.00000   
-0.61200  	2656.87500	0.00000   
-0.61350  	2656.87500	0.00000   
-0.61500  	2656.87500	0.00000   
-0.61650  	2656.87500	0.00000   
-0.61800  	2656.87500	0.00000   
-0.61950  	2656.87500	0.00000   
-0.62100  	2656.87500	0.00000   
-0.62250  	2656.87500	0.00000   
-0.62400  	2656.87500	0.00000   
-0.62550  	2656.87500	0.00000   
-0.62700  	2656.87500	0.00000   
-0.62850  	2656.87500	0.00000   
-0.63000  	2656.87500	0.00000   
-0.63150  	2656.87500	0.00000   
-0.63300  	2656.87500	0.00000   
-0.63450  	2656.87500	0.00000   
-0.63600  	2656.87500	0.00000   
-0.63750  	2656.87500	0.00000   
-0.63900  	2656.87500	0.00000   
-0.64050  	2656.87500	0.00000   
-0.64200  	2656.87500	0.00000   
-0.64350  	2656.87500	0.00000   
-0.64500  	2656.87500	0.00000   
-0.64650  	2656.87500	0.00000   
-0.64800  	2656.87500	0.00000   
-0.64950  	2656.87500	0.00000   
-0.65100  	2656.87500	0.00000   
-0.65250  	2656.87500	0.00000   
-0.65400  	2656.87500	0.00000   
-0.65550  	2656.87500	0.00000   
-0.65700  	2656.87500	0.00000   
-0.65850  	2656.87500	0.00000   
-0.66000  	2656.87500	0.00000   
-0.66150  	2656.87500	0.00000   
-0.66300  	2656.87500	0.00000   
-0.66450  	2656.87500	0.00000   
-0.66600  	2656.87500	0.00000   
-0.66750  	2656.87500	0.00000   
-0.66900  	2656.87500	0.00000   
-0.67050  	2656.87500	0.00000   
-0.67200  	2656.87500	0.00000   
-0.67350  	2656.87500	0.00000   
-0.67500  	2656.87500	0.00000   
-0.67650  	2656.87500	0.00000   
-0.67800  	2656.87500	0.00000   
-0.67950  	2656.87500	0.00000   
-0.68100  	2656.87500	0.00000   
-0.68250  	2656.87500	0.00000   
-0.68400  	2656.87500	0.00000   
-0.68550  	2656.87500	0.00000   
-0.68700  	2656.87500	0.00000   
-0.68850  	2656.87500	0.00000   
-0.69000  	2656.87500	0.00000   
-0.69150  	2656.87500	0.00000   
-0.69300  	2656.87500	0.00000   
-0.69450  	2656.87500	0.00000   
-0.69600  	2656.87500	0.00000   
-0.69750  	2656.87500	0.00000   
-0.69900  	2656.87500	0.00000   
-0.70050  	2656.87500	0.00000   
-0.70200  	2656.87500	0.00000   
-0.70350  	2656.87500	0.00000   
-0.70500  	2656.87500	0.00000   
-0.70650  	2656.87500	0.00000   
-0.70800  	2656.87500	0.00000   
-0.70950  	2656.87500	0.00000   
-0.71100  	2656.87500	0.00000   
-0.71250  	2656.87500	0.00000   
-0.71400  	2656.87500	0.00000   
-0.71550  	2656.87500	0.00000   
-0.71700  	2656.87500	0.00000   
-0.71850  	2656.87500	0.00000   
-0.72000  	2656.87500	0.00000   
-0.72150  	2656.87500	0.00000   
-0.72300  	2656.87500	0.00000   
-0.72450  	2656.87500	0.00000   
-0.72600  	2656.87500	0.00000   
-0.72750  	2656.87500	0.00000   
-0.72900  	2656.87500	0.00000   
-0.73050  	2656.87500	0.00000   
-0.73200  	2656.87500	0.00000   
-0.73350  	2656.87500	0.00000   
-0.73500  	2656.87500	0.00000   
-0.73650  	2656.87500	0.00000   
-0.73800  	2656.87500	0.00000   
-0.73950  	2656.87500	0.00000   
-0.74100  	2656.87500	0.00000   
-0.74250  	2656.87500	0.00000   
-0.74400  	2656.87500	0.00000   
-0.74550  	2656.87500	0.00000   
-0.74700  	2656.87500	0.00000   
-0.74850  	2656.87500	0.00000   
-0.75000  	2656.87500	0.00000   
-0.75150  	2656.87500	0.00000   
-0.75300  	2656.87500	0.00000   
-0.75450  	2656.87500	0.00000   
-0.75600  	2656.87500	0.00000   
-0.75750  	2656.87500	0.00000   
-0.75900  	2656.87500	0.00000   
-0.76050  	2656.87500	0.00000   
-0.76200  	2656.87500	0.00000   
-0.76350  	2656.87500	0.00000   
-0.76500  	2656.87500	0.00000   
-0.76650  	2656.87500	0.00000   
-0.76800  	2656.87500	0.00000   
-0.76950  	2656.87500	0.00000   
-0.77100  	2656.87500	0.00000   
-0.77250  	2656.87500	0.00000   
-0.77400  	2656.87500	0.00000   
-0.77550  	2656.87500	0.00000   
-0.77700  	2656.87500	0.00000   
-0.77850  	2656.87500	0.00000   
-0.78000  	2656.87500	0.00000   
-0.78150  	2656.87500	0.00000   
-0.78300  	2656.87500	0.00000   
-0.78450  	2656.87500	0.00000   
-0.78600  	2656.87500	0.00000   
-0.78750  	2656.87500	0.00000   
-0.78900  	2656.87500	0.00000   
-0.79050  	2656.87500	0.00000   
-0.79200  	2656.87500	0.00000   
-0.79350  	2656.87500	0.00000   
-0.79500  	2656.87500	0.00000   
-0.79650  	2656.87500	0.00000   
-0.79800  	2656.87500	0.00000   
-0.79950  	2656.87500	0.00000   
-0.80100  	2656.87500	0.00000   
-0.80250  	2656.87500	0.00000   
-0.80400  	2656.87500	0.00000   
-0.80550  	2656.87500	0.00000   
-0.80700  	2656.87500	0.00000   
-0.80850  	2656.87500	0.00000   
-0.81000  	2656.87500	0.00000   
-0.81150  	2656.87500	0.00000   
-0.81300  	2656.87500	0.00000   
-0.81450  	2656.87500	0.00000   
-0.81600  	2656.87500	0.00000   
-0.81750  	2656.87500	0.00000   
-0.81900  	2656.87500	0.00000   
-0.82050  	2656.87500	0.00000   
-0.82200  	2656.87500	0.00000   
-0.82350  	2656.87500	0.00000   
-0.82500  	2656.87500	0.00000   
-0.82650  	2656.87500	0.00000   
-0.82800  	2656.87500	0.00000   
-0.82950  	2656.87500	0.00000   
-0.83100  	2656.87500	0.00000   
-0.83250  	2656.87500	0.00000   
-0.83400  	2656.87500	0.00000   
-0.83550  	2656.87500	0.00000   
-0.83700  	2656.87500	0.00000   
-0.83850  	2656.87500	0.00000   
-0.84000  	2656.87500	0.00000   
-0.84150  	2656.87500	0.00000   
-0.84300  	2656.87500	0.00000   
-0.84450  	2656.87500	0.00000   
-0.84600  	2656.87500	0.00000   
-0.84750  	2656.87500	0.00000   
-0.84900  	2656.87500	0.00000   
-0.85050  	2656.87500	0.00000   
-0.85200  	2656.87500	0.00000   
-0.85350  	2656.87500	0.00000   
-0.85500  	2656.87500	0.00000   
-0.85650  	2656.87500	0.00000   
-0.85800  	2656.87500	0.00000   
-0.85950  	2656.87500	0.00000   
-0.86100  	2656.87500	0.00000   
-0.86250  	2656.87500	0.00000   
-0.86400  	2656.87500	0.00000   
-0.86550  	2656.87500	0.00000   
-0.86700  	2656.87500	0.00000   
-0.86850  	2656.87500	0.00000   
-0.87000  	2656.87500	0.00000   
-0.87150  	2656.87500	0.00000   
-0.87300  	2656.87500	0.00000   
-0.87450  	2656.87500	0.00000   
-0.87600  	2656.87500	0.00000   
-0.87750  	2656.87500	0.00000   
-0.87900  	2656.87500	0.00000   
-0.88050  	2656.87500	0.00000   
-0.88200  	2656.87500	0.00000   
-0.88350  	2656.87500	0.00000   
-0.88500  	2656.87500	0.00000   
-0.88650  	2656.87500	0.00000   
-0.88800  	2656.87500	0.00000   
-0.88950  	2656.87500	0.00000   
-0.89100  	2656.87500	0.00000   
-0.89250  	2656.87500	0.00000   
-0.89400  	2656.87500	0.00000   
-0.89550  	2656.87500	0.00000   
-0.89700  	2656.87500	0.00000   
-0.89850  	2656.87500	0.00000   
-0.90000  	2656.87500	0.00000   
-0.90150  	2656.87500	0.00000   
-0.90300  	2656.87500	0.00000   
-0.90450  	2656.87500	0.00000   
-0.90600  	2656.87500	0.00000   
-0.90750  	2656.87500	0.00000   
-0.90900  	2656.87500	0.00000   
-0.91050  	2656.87500	0.00000   
-0.91200  	2656.87500	0.00000   
-0.91350  	2656.87500	0.00000   
-0.91500  	2656.87500	0.00000   
-0.91650  	2656.87500	0.00000   
-0.91800  	2656.87500	0.00000   
-0.91950  	2656.87500	0.00000   
-0.92100  	2656.87500	0.00000   
-0.92250  	2656.87500	0.00000   
-0.92400  	2656.87500	0.00000   
-0.92550  	2656.87500	0.00000   
-0.92700  	2656.87500	0.00000   
-0.92850  	2656.87500	0.00000   
-0.93000  	2656.87500	0.00000   
-0.93150  	2656.87500	0.00000   
-0.93300  	2656.87500	0.00000   
-0.93450  	2656.87500	0.00000   
-0.93600  	2656.87500	0.00000   
-0.93750  	2656.87500	0.00000   
-0.93900  	2656.87500	0.00000   
-0.94050  	2656.87500	0.00000   
-0.94200  	2656.87500	0.00000   
-0.94350  	2656.87500	0.00000   
-0.94500  	2656.87500	0.00000   
-0.94650  	2656.87500	0.00000   
-0.94800  	2656.87500	0.00000   
-0.94950  	2656.87500	0.00000   
-0.95100  	2656.87500	0.00000   
-0.95250  	2656.87500	0.00000   
-0.95400  	2656.87500	0.00000   
-0.95550  	2656.87500	0.00000   
-0.95700  	2656.87500	0.00000   
-0.95850  	2656.87500	0.00000   
-0.96000  	2656.87500	0.00000   
-0.96150  	2656.87500	0.00000   
-0.96300  	2656.87500	0.00000   
-0.96450  	2656.87500	0.00000   
-0.96600  	2656.87500	0.00000   
-0.96750  	2656.87500	0.00000   
-0.96900  	2656.87500	0.00000   
-0.97050  	2656.87500	0.00000   
-0.97200  	2656.87500	0.00000   
-0.97350  	2656.87500	0.00000   
-0.97500  	2656.87500	0.00000   
-0.97650  	2656.87500	0.00000   
-0.97800  	2656.87500	0.00000   
-0.97950  	2656.87500	0.00000   
-0.98100  	2656.87500	0.00000   
-0.98250  	2656.87500	0.00000   
-0.98400  	2656.87500	0.00000   
-0.98550  	2656.87500	0.00000   
-0.98700  	2656.87500	0.00000   
-0.98850  	2656.87500	0.00000   
-0.99000  	2656.87500	0.00000   
-0.99150  	2656.87500	0.00000   
-0.99300  	2656.87500	0.00000   
-0.99450  	2656.87500	0.00000   
-0.99600  	2656.87500	0.00000   
-0.99750  	2656.87500	0.00000   
-0.99900  	2656.87500	0.00000   
-1.00050  	2656.87500	0.00000   
-1.00200  	2656.87500	0.00000   
-1.00350  	2656.87500	0.00000   
-1.00500  	2656.87500	0.00000   
-1.00650  	2656.87500	0.00000   
-1.00800  	2656.87500	0.00000   
-1.00950  	2656.87500	0.00000   
-1.01100  	2656.87500	0.00000   
-1.01250  	2656.87500	0.00000   
-1.01400  	2656.87500	0.00000   
-1.01550  	2656.87500	0.00000   
-1.01700  	2656.87500	0.00000   
-1.01850  	2656.87500	0.00000   
-1.02000  	2656.87500	0.00000   
-1.02150  	2656.87500	0.00000   
-1.02300  	2656.87500	0.00000   
-1.02450  	2656.87500	0.00000   
-1.02600  	2656.87500	0.00000   
-1.02750  	2656.87500	0.00000   
-1.02900  	2656.87500	0.00000   
-1.03050  	2656.87500	0.00000   
-1.03200  	2656.87500	0.00000   
-1.03350  	2656.87500	0.00000   
-1.03500  	2656.87500	0.00000   
-1.03650  	2656.87500	0.00000   
-1.03800  	2656.87500	0.00000   
-1.03950  	2656.87500	0.00000   
-1.04100  	2656.87500	0.00000   
-1.04250  	2656.87500	0.00000   
-1.04400  	2656.87500	0.00000   
-1.04550  	2656.87500	0.00000   
-1.04700  	2656.87500	0.00000   
-1.04850  	2656.87500	0.00000   
-1.05000  	2656.87500	0.00000   
-1.05150  	2656.87500	0.00000   
-1.05300  	2656.87500	0.00000   
-1.05450  	2656.87500	0.00000   
-1.05600  	2656.87500	0.00000   
-1.05750  	2656.87500	0.00000   
-1.05900  	2656.87500	0.00000   
-1.06050  	2656.87500	0.00000   
-1.06200  	2656.87500	0.00000   
-1.06350  	2656.87500	0.00000   
-1.06500  	2656.87500	0.00000   
-1.06650  	2656.87500	0.00000   
-1.06800  	2656.87500	0.00000   
-1.06950  	2656.87500	0.00000   
-1.07100  	2656.87500	0.00000   
-1.07250  	2656.87500	0.00000   
-1.07400  	2656.87500	0.00000   
-1.07550  	2656.87500	0.00000   
-1.07700  	2656.87500	0.00000   
-1.07850  	2656.87500	0.00000   
-1.08000  	2656.87500	0.00000   
-1.08150  	2656.87500	0.00000   
-1.08300  	2656.87500	0.00000   
-1.08450  	2656.87500	0.00000   
-1.08600  	2656.87500	0.00000   
-1.08750  	2656.87500	0.00000   
-1.08900  	2656.87500	0.00000   
-1.09050  	2656.87500	0.00000   
-1.09200  	2656.87500	0.00000   
-1.09350  	2656.87500	0.00000   
-1.09500  	2656.87500	0.00000   
-1.09650  	2656.87500	0.00000   
-1.09800  	2656.87500	0.00000   
-1.09950  	2656.87500	0.00000   
-1.10100  	2656.87500	0.00000   
-1.10250  	2656.87500	0.00000   
-1.10400  	2656.87500	0.00000   
-1.10550  	2656.87500	0.00000   
-1.10700  	2656.87500	0.00000   
-1.10850  	2656.87500	0.00000   
-1.11000  	2656.87500	0.00000   
-1.11150  	2656.87500	0.00000   
-1.11300  	2656.87500	0.00000   
-1.11450  	2656.87500	0.00000   
-1.11600  	2656.87500	0.00000   
-1.11750  	2656.87500	0.00000   
-1.11900  	2656.87500	0.00000   
-1.12050  	2656.87500	0.00000   
-1.12200  	2656.87500	0.00000   
-1.12350  	2656.87500	0.00000   
-1.12500  	2656.87500	0.00000   
-1.12650  	2656.87500	0.00000   
-1.12800  	2656.87500	0.00000   
-1.12950  	2656.87500	0.00000   
-1.13100  	2656.87500	0.00000   
-1.13250  	2656.87500	0.00000   
-1.13400  	2656.87500	0.00000   
-1.13550  	2656.87500	0.00000   
-1.13700  	2656.87500	0.00000   
-1.13850  	2656.87500	0.00000   
-1.14000  	2656.87500	0.00000   
-1.14150  	2656.87500	0.00000   
-1.14300  	2656.87500	0.00000   
-1.14450  	2656.87500	0.00000   
-1.14600  	2656.87500	0.00000   
-1.14750  	2656.87500	0.00000   
-1.14900  	2656.87500	0.00000   
-1.15050  	2656.87500	0.00000   
-1.15200  	2656.87500	0.00000   
-1.15350  	2656.87500	0.00000   
-1.15500  	2656.87500	0.00000   
-1.15650  	2656.87500	0.00000   
-1.15800  	2656.87500	0.00000   
-1.15950  	2656.87500	0.00000   
-1.16100  	2656.87500	0.00000   
-1.16250  	2656.87500	0.00000   
-1.16400  	2656.87500	0.00000   
-1.16550  	2656.87500	0.00000   
-1.16700  	2656.87500	0.00000   
-1.16850  	2656.87500	0.00000   
-1.17000  	2656.87500	0.00000   
-1.17150  	2656.87500	0.00000   
-1.17300  	2656.87500	0.00000   
-1.17450  	2656.87500	0.00000   
-1.17600  	2656.87500	0.00000   
-1.17750  	2656.87500	0.00000   
-1.17900  	2656.87500	0.00000   
-1.18050  	2656.87500	0.00000   
-1.18200  	2656.87500	0.00000   
-1.18350  	2656.87500	0.00000   
-1.18500  	2656.87500	0.00000   
-1.18650  	2656.87500	0.00000   
-1.18800  	2656.87500	0.00000   
-1.18950  	2656.87500	0.00000   
-1.19100  	2656.87500	0.00000   
-1.19250  	2656.87500	0.00000   
-1.19400  	2656.87500	0.00000   
-1.19550  	2656.87500	0.00000   
-1.19700  	2656.87500	0.00000   
-1.19850  	2656.87500	0.00000   
-1.20000  	2656.87500	0.00000   
-1.20150  	2656.87500	0.00000   
-1.20300  	2656.87500	0.00000   
-1.20450  	2656.87500	0.00000   
-1.20600  	2656.87500	0.00000   
-1.20750  	2656.87500	0.00000   
-1.20900  	2656.87500	0.00000   
-1.21050  	2656.87500	0.00000   
-1.21200  	2656.87500	0.00000   
-1.21350  	2656.87500	0.00000   
-1.21500  	2656.87500	0.00000   
-1.21650  	2656.87500	0.00000   
-1.21800  	2656.87500	0.00000   
-1.21950  	2656.87500	0.00000   
-1.22100  	2656.87500	0.00000   
-1.22250  	2656.87500	0.00000   
-1.22400  	2656.87500	0.00000   
-1.22550  	2656.87500	0.00000   
-1.22700  	2656.87500	0.00000   
-1.22850  	2656.87500	0.00000   
-1.23000  	2656.87500	0.00000   
-1.23150  	2656.87500	0.00000   
-1.23300  	2656.87500	0.00000   
-1.23450  	2656.87500	0.00000   
-1.23600  	2656.87500	0.00000   
-1.23750  	2656.87500	0.00000   
-1.23900  	2656.87500	0.00000   
-1.24050  	2656.87500	0.00000   
-1.24200  	2656.87500	0.00000   
-1.24350  	2656.87500	0.00000   
-1.24500  	2656.87500	0.00000   
-1.24650  	2656.87500	0.00000   
-1.24800  	2656.87500	0.00000   
-1.24950  	2656.87500	0.00000   
-1.25100  	2656.87500	0.00000   
-1.25250  	2656.87500	0.00000   
-1.25400  	2656.87500	0.00000   
-1.25550  	2656.87500	0.00000   
-1.25700  	2656.87500	0.00000   
-1.25850  	2656.87500	0.00000   
-1.26000  	2656.87500	0.00000   
-1.26150  	2656.87500	0.00000   
-1.26300  	2656.87500	0.00000   
-1.26450  	2656.87500	0.00000   
-1.26600  	2656.87500	0.00000   
-1.26750  	2656.87500	0.00000   
-1.26900  	2656.87500	0.00000   
-1.27050  	2656.87500	0.00000   
-1.27200  	2656.87500	0.00000   
-1.27350  	2656.87500	0.00000   
-1.27500  	2656.87500	0.00000   
-1.27650  	2656.87500	0.00000   
-1.27800  	2656.87500	0.00000   
-1.27950  	2656.87500	0.00000   
-1.28100  	2656.87500	0.00000   
-1.28250  	2656.87500	0.00000   
-1.28400  	2656.87500	0.00000   
-1.28550  	2656.87500	0.00000   
-1.28700  	2656.87500	0.00000   
-1.28850  	2656.87500	0.00000   
-1.29000  	2656.87500	0.00000   
-1.29150  	2656.87500	0.00000   
-1.29300  	2656.87500	0.00000   
-1.29450  	2656.87500	0.00000   
-1.29600  	2656.87500	0.00000   
-1.29750  	2656.87500	0.00000   
-1.29900  	2656.87500	0.00000   
-1.30050  	2656.87500	0.00000   
-1.30200  	2656.87500	0.00000   
-1.30350  	2656.87500	0.00000   
-1.30500  	2656.87500	0.00000   
-1.30650  	2656.87500	0.00000   
-1.30800  	2656.87500	0.00000   
-1.30950  	2656.87500	0.00000   
-1.31100  	2656.87500	0.00000   
-1.31250  	2656.87500	0.00000   
-1.31400  	2656.87500	0.00000   
-1.31550  	2656.87500	0.00000   
-1.31700  	2656.87500	0.00000   
-1.31850  	2656.87500	0.00000   
-1.32000  	2656.87500	0.00000   
-1.32150  	2656.87500	0.00000   
-1.32300  	2656.87500	0.00000   
-1.32450  	2656.87500	0.00000   
-1.32600  	2656.87500	0.00000   
-1.32750  	2656.87500	0.00000   
-1.32900  	2656.87500	0.00000   
-1.33050  	2656.87500	0.00000   
-1.33200  	2656.87500	0.00000   
-1.33350  	2656.87500	0.00000   
-1.33500  	2656.87500	0.00000   
-1.33650  	2656.87500	0.00000   
-1.33800  	2656.87500	0.00000   
-1.33950  	2656.87500	0.00000   
-1.34100  	2656.87500	0.00000   
-1.34250  	2656.87500	0.00000   
-1.34400  	2656.87500	0.00000   
-1.34550  	2656.87500	0.00000   
-1.34700  	2656.87500	0.00000   
-1.34850  	2656.87500	0.00000   
-1.35000  	2656.87500	0.00000   
-1.35150  	2656.87500	0.00000   
-1.35300  	2656.87500	0.00000   
-1.35450  	2656.87500	0.00000   
-1.35600  	2656.87500	0.00000   
-1.35750  	2656.87500	0.00000   
-1.35900  	2656.87500	0.00000   
-1.36050  	2656.87500	0.00000   
-1.36200  	2656.87500	0.00000   
-1.36350  	2656.87500	0.00000   
-1.36500  	2656.87500	0.00000   
-1.36650  	2656.87500	0.00000   
-1.36800  	2656.87500	0.00000   
-1.36950  	2656.87500	0.00000   
-1.37100  	2656.87500	0.00000   
-1.37250  	2656.87500	0.00000   
-1.37400  	2656.87500	0.00000   
-1.37550  	2656.87500	0.00000   
-1.37700  	2656.87500	0.00000   
-1.37850  	2656.87500	0.00000   
-1.38000  	2656.87500	0.00000   
-1.38150  	2656.87500	0.00000   
-1.38300  	2656.87500	0.00000   
-1.38450  	2656.87500	0.00000   
-1.38600  	2656.87500	0.00000   
-1.38750  	2656.87500	0.00000   
-1.38900  	2656.87500	0.00000   
-1.39050  	2656.87500	0.00000   
-1.39200  	2656.87500	0.00000   
-1.39350  	2656.87500	0.00000   
-1.39500  	2656.87500	0.00000   
-1.39650  	2656.87500	0.00000   
-1.39800  	2656.87500	0.00000   
-1.39950  	2656.87500	0.00000   
-1.40100  	2656.87500	0.00000   
-1.40250  	2656.87500	0.00000   
-1.40400  	2656.87500	0.00000   
-1.40550  	2656.87500	0.00000   
-1.40700  	2656.87500	0.00000   
-1.40850  	2656.87500	0.00000   
-1.41000  	2656.87500	0.00000   
-1.41150  	2656.87500	0.00000   
-1.41300  	2656.87500	0.00000   
-1.41450  	2656.87500	0.00000   
-1.41600  	2656.87500	0.00000   
-1.41750  	2656.87500	0.00000   
-1.41900  	2656.87500	0.00000   
-1.42050  	2656.87500	0.00000   
-1.42200  	2656.87500	0.00000   
-1.42350  	2656.87500	0.00000   
-1.42500  	2656.87500	0.00000   
-1.42650  	2656.87500	0.00000   
-1.42800  	2656.87500	0.00000   
-1.42950  	2656.87500	0.00000   
-1.43100  	2656.87500	0.00000   
-1.43250  	2656.87500	0.00000   
-1.43400  	2656.87500	0.00000   
-1.43550  	2656.87500	0.00000   
-1.43700  	2656.87500	0.00000   
-1.43850  	2656.87500	0.00000   
-1.44000  	2656.87500	0.00000   
-1.44150  	2656.87500	0.00000   
-1.44300  	2656.87500	0.00000   
-1.44450  	2656.87500	0.00000   
-1.44600  	2656.87500	0.00000   
-1.44750  	2656.87500	0.00000   
-1.44900  	2656.87500	0.00000   
-1.45050  	2656.87500	0.00000   
-1.45200  	2656.87500	0.00000   
-1.45350  	2656.87500	0.00000   
-1.45500  	2656.87500	0.00000   
-1.45650  	2656.87500	0.00000   
-1.45800  	2656.87500	0.00000   
-1.45950  	2656.87500	0.00000   
-1.46100  	2656.87500	0.00000   
-1.46250  	2656.87500	0.00000   
-1.46400  	2656.87500	0.00000   
-1.46550  	2656.87500	0.00000   
-1.46700  	2656.87500	0.00000   
-1.46850  	2656.87500	0.00000   
-1.47000  	2656.87500	0.00000   
-1.47150  	2656.87500	0.00000   
-1.47300  	2656.87500	0.00000   
-1.47450  	2656.87500	0.00000   
-1.47600  	2656.87500	0.00000   
-1.47750  	2656.87500	0.00000   
-1.47900  	2656.87500	0.00000   
-1.48050  	2656.87500	0.00000   
-1.48200  	2656.87500	0.00000   
-1.48350  	2656.87500	0.00000   
-1.48500  	2656.87500	0.00000   
-1.48650  	2656.87500	0.00000   
-1.48800  	2656.87500	0.00000   
-1.48950  	2656.87500	0.00000   
-1.49100  	2656.87500	0.00000   
-1.49250  	2656.87500	0.00000   
-1.49400  	2656.87500	0.00000   
-1.49550  	2656.87500	0.00000   
-1.49700  	2656.87500	0.00000   
-1.49850  	2656.87500	0.00000   
-1.50000  	2656.87500	0.00000   
-1.50150  	2656.87500	0.00000   
-1.50300  	2656.87500	0.00000   
-1.50450  	2656.87500	0.00000   
-1.50600  	2656.87500	0.00000   
-1.50750  	2656.87500	0.00000   
-1.50900  	2656.87500	0.00000   
-1.51050  	2656.87500	0.00000   
-1.51200  	2656.87500	0.00000   
-1.51350  	2656.87500	0.00000   
-1.51500  	2656.87500	0.00000   
-1.51650  	2656.87500	0.00000   
-1.51800  	2656.87500	0.00000   
-1.51950  	2656.87500	0.00000   
-1.52100  	2656.87500	0.00000   
-1.52250  	2656.87500	0.00000   
-1.52400  	2656.87500	0.00000   
-1.52550  	2656.87500	0.00000   
-1.52700  	2656.87500	0.00000   
-1.52850  	2656.87500	0.00000   
-1.53000  	2656.87500	0.00000   
-1.53150  	2656.87500	0.00000   
-1.53300  	2656.87500	0.00000   
-1.53450  	2656.87500	0.00000   
-1.53600  	2656.87500	0.00000   
-1.53750  	2656.87500	0.00000   
-1.53900  	2656.87500	0.00000   
-1.54050  	2656.87500	0.00000   
-1.54200  	2656.87500	0.00000   
-1.54350  	2656.87500	0.00000   
-1.54500  	2656.87500	0.00000   
-1.54650  	2656.87500	0.00000   
-1.54800  	2656.87500	0.00000   
-1.54950  	2656.87500	0.00000   
-1.55100  	2656.87500	0.00000   
-1.55250  	2656.87500	0.00000   
-1.55400  	2656.87500	0.00000   
-1.55550  	2656.87500	0.00000   
-1.55700  	2656.87500	0.00000   
-1.55850  	2656.87500	0.00000   
-1.56000  	2656.87500	0.00000   
-1.56150  	2656.87500	0.00000   
-1.56300  	2656.87500	0.00000   
-1.56450  	2656.87500	0.00000   
-1.56600  	2656.87500	0.00000   
-1.56750  	2656.87500	0.00000   
-1.56900  	2656.87500	0.00000   
-1.57050  	2656.87500	0.00000   
-1.57200  	2656.87500	0.00000   
-1.57350  	2656.87500	0.00000   
-1.57500  	2656.87500	0.00000   
-1.57650  	2656.87500	0.00000   
-1.57800  	2656.87500	0.00000   
-1.57950  	2656.87500	0.00000   
-1.58100  	2656.87500	0.00000   
-1.58250  	2656.87500	0.00000   
-1.58400  	2656.87500	0.00000   
-1.58550  	2656.87500	0.00000   
-1.58700  	2656.87500	0.00000   
-1.58850  	2656.87500	0.00000   
-1.59000  	2656.87500	0.00000   
-1.59150  	2656.87500	0.00000   
-1.59300  	2656.87500	0.00000   
-1.59450  	2656.87500	0.00000   
-1.59600  	2656.87500	0.00000   
-1.59750  	2656.87500	0.00000   
-1.59900  	2656.87500	0.00000   
-1.60050  	2656.87500	0.00000   
-1.60200  	2656.87500	0.00000   
-1.60350  	2656.87500	0.00000   
-1.60500  	2656.87500	0.00000   
-1.60650  	2656.87500	0.00000   
-1.60800  	2656.87500	0.00000   
-1.60950  	2656.87500	0.00000   
-1.61100  	2656.87500	0.00000   
-1.61250  	2656.87500	0.00000   
-1.61400  	2656.87500	0.00000   
-1.61550  	2656.87500	0.00000   
-1.61700  	2656.87500	0.00000   
-1.61850  	2656.87500	0.00000   
-1.62000  	2656.87500	0.00000   
-1.62150  	2656.87500	0.00000   
-1.62300  	2656.87500	0.00000   
-1.62450  	2656.87500	0.00000   
-1.62600  	2656.87500	0.00000   
-1.62750  	2656.87500	0.00000   
-1.62900  	2656.87500	0.00000   
-1.63050  	2656.87500	0.00000   
-1.63200  	2656.87500	0.00000   
-1.63350  	2656.87500	0.00000   
-1.63500  	2656.87500	0.00000   
-1.63650  	2656.87500	0.00000   
-1.63800  	2656.87500	0.00000   
-1.63950  	2656.87500	0.00000   
-1.64100  	2656.87500	0.00000   
-1.64250  	2656.87500	0.00000   
-1.64400  	2656.87500	0.00000   
-1.64550  	2656.87500	0.00000   
-1.64700  	2656.87500	0.00000   
-1.64850  	2656.87500	0.00000   
-1.65000  	2656.87500	0.00000   
-1.65150  	2656.87500	0.00000   
-1.65300  	2656.87500	0.00000   
-1.65450  	2656.87500	0.00000   
-1.65600  	2656.87500	0.00000   
-1.65750  	2656.87500	0.00000   
-1.65900  	2656.87500	0.00000   
-1.66050  	2656.87500	0.00000   
-1.66200  	2656.87500	0.00000   
-1.66350  	2656.87500	0.00000   
-1.66500  	2656.87500	0.00000   
-1.66650  	2656.87500	0.00000   
-1.66800  	2656.87500	0.00000   
-1.66950  	2656.87500	0.00000   
-1.67100  	2656.87500	0.00000   
-1.67250  	2656.87500	0.00000   
-1.67400  	2656.87500	0.00000   
-1.67550  	2656.87500	0.00000   
-1.67700  	2656.87500	0.00000   
-1.67850  	2656.87500	0.00000   
-1.68000  	2656.87500	0.00000   
-1.68150  	2656.87500	0.00000   
-1.68300  	2656.87500	0.00000   
-1.68450  	2656.87500	0.00000   
-1.68600  	2656.87500	0.00000   
-1.68750  	2656.87500	0.00000   
-1.68900  	2656.87500	0.00000   
-1.69050  	2656.87500	0.00000   
-1.69200  	2656.87500	0.00000   
-1.69350  	2656.87500	0.00000   
-1.69500  	2656.87500	0.00000   
-1.69650  	2656.87500	0.00000   
-1.69800  	2656.87500	0.00000   
-1.69950  	2656.87500	0.00000   
-1.70100  	2656.87500	0.00000   
-1.70250  	2656.87500	0.00000   
-1.70400  	2656.87500	0.00000   
-1.70550  	2656.87500	0.00000   
-1.70700  	2656.87500	0.00000   
-1.70850  	2656.87500	0.00000   
-1.71000  	2656.87500	0.00000   
-1.71150  	2656.87500	0.00000   
-1.71300  	2656.87500	0.00000   
-1.71450  	2656.87500	0.00000   
-1.71600  	2656.87500	0.00000   
-1.71750  	2656.87500	0.00000   
-1.71900  	2656.87500	0.00000   
-1.72050  	2656.87500	0.00000   
-1.72200  	2656.87500	0.00000   
-1.72350  	2656.87500	0.00000   
-1.72500  	2656.87500	0.00000   
-1.72650  	2656.87500	0.00000   
-1.72800  	2656.87500	0.00000   
-1.72950  	2656.87500	0.00000   
-1.73100  	2656.87500	0.00000   
-1.73250  	2656.87500	0.00000   
-1.73400  	2656.87500	0.00000   
-1.73550  	2656.87500	0.00000   
-1.73700  	2656.87500	0.00000   
-1.73850  	2656.87500	0.00000   
-1.74000  	2656.87500	0.00000   
-1.74150  	2656.87500	0.00000   
-1.74300  	2656.87500	0.00000   
-1.74450  	2656.87500	0.00000   
-1.74600  	2656.87500	0.00000   
-1.74750  	2656.87500	0.00000   
-1.74900  	2656.87500	0.00000   
-1.75050  	2656.87500	0.00000   
-1.75200  	2656.87500	0.00000   
-1.75350  	2656.87500	0.00000   
-1.75500  	2656.87500	0.00000   
-1.75650  	2656.87500	0.00000   
-1.75800  	2656.87500	0.00000   
-1.75950  	2656.87500	0.00000   
-1.76100  	2656.87500	0.00000   
-1.76250  	2656.87500	0.00000   
-1.76400  	2656.87500	0.00000   
-1.76550  	2656.87500	0.00000   
-1.76700  	2656.87500	0.00000   
-1.76850  	2656.87500	0.00000   
-1.77000  	2656.87500	0.00000   
-1.77150  	2656.87500	0.00000   
-1.77300  	2656.87500	0.00000   
-1.77450  	2656.87500	0.00000   
-1.77600  	2656.87500	0.00000   
-1.77750  	2656.87500	0.00000   
-1.77900  	2656.87500	0.00000   
-1.78050  	2656.87500	0.00000   
-1.78200  	2656.87500	0.00000   
-1.78350  	2656.87500	0.00000   
-1.78500  	2656.87500	0.00000   
-1.78650  	2656.87500	0.00000   
-1.78800  	2656.87500	0.00000   
-1.78950  	2656.87500	0.00000   
-1.79100  	2656.87500	0.00000   
-1.79250  	2656.87500	0.00000   
-1.79400  	2656.87500	0.00000   
-1.79550  	2656.87500	0.00000   
-1.79700  	2656.87500	0.00000   
-1.79850  	2656.87500	0.00000   
-1.80000  	2656.87500	0.00000   
-1.80150  	2656.87500	0.00000   
-1.80300  	2656.87500	0.00000   
-1.80450  	2656.87500	0.00000   
-1.80600  	2656.87500	0.00000   
-1.80750  	2656.87500	0.00000   
-1.80900  	2656.87500	0.00000   
-1.81050  	2656.87500	0.00000   
-1.81200  	2656.87500	0.00000   
-1.81350  	2656.87500	0.00000   
-1.81500  	2656.87500	0.00000   
-1.81650  	2656.87500	0.00000   
-1.81800  	2656.87500	0.00000   
-1.81950  	2656.87500	0.00000   
-1.82100  	2656.87500	0.00000   
-1.82250  	2656.87500	0.00000   
-1.82400  	2656.87500	0.00000   
-1.82550  	2656.87500	0.00000   
-1.82700  	2656.87500	0.00000   
-1.82850  	2656.87500	0.00000   
-1.83000  	2656.87500	0.00000   
-1.83150  	2656.87500	0.00000   
-1.83300  	2656.87500	0.00000   
-1.83450  	2656.87500	0.00000   
-1.83600  	2656.87500	0.00000   
-1.83750  	2656.87500	0.00000   
-1.83900  	2656.87500	0.00000   
-1.84050  	2656.87500	0.00000   
-1.84200  	2656.87500	0.00000   
-1.84350  	2656.87500	0.00000   
-1.84500  	2656.87500	0.00000   
-1.84650  	2656.87500	0.00000   
-1.84800  	2656.87500	0.00000   
-1.84950  	2656.87500	0.00000   
-1.85100  	2656.87500	0.00000   
-1.85250  	2656.87500	0.00000   
-1.85400  	2656.87500	0.00000   
-1.85550  	2656.87500	0.00000   
-1.85700  	2656.87500	0.00000   
-1.85850  	2656.87500	0.00000   
-1.86000  	2656.87500	0.00000   
-1.86150  	2656.87500	0.00000   
-1.86300  	2656.87500	0.00000   
-1.86450  	2656.87500	0.00000   
-1.86600  	2656.87500	0.00000   
-1.86750  	2656.87500	0.00000   
-1.86900  	2656.87500	0.00000   
-1.87050  	2656.87500	0.00000   
-1.87200  	2656.87500	0.00000   
-1.87350  	2656.87500	0.00000   
-1.87500  	2656.87500	0.00000   
-1.87650  	2656.87500	0.00000   
-1.87800  	2656.87500	0.00000   
-1.87950  	2656.87500	0.00000   
-1.88100  	2656.87500	0.00000   
-1.88250  	2656.87500	0.00000   
-1.88400  	2656.87500	0.00000   
-1.88550  	2656.87500	0.00000   
-1.88700  	2656.87500	0.00000   
-1.88850  	2656.87500	0.00000   
-1.89000  	2656.87500	0.00000   
-1.89150  	2656.87500	0.00000   
-1.89300  	2656.87500	0.00000   
-1.89450  	2656.87500	0.00000   
-1.89600  	2656.87500	0.00000   
-1.89750  	2656.87500	0.00000   
-1.89900  	2656.87500	0.00000   
-1.90050  	2656.87500	0.00000   
-1.90200  	2656.87500	0.00000   
-1.90350  	2656.87500	0.00000   
-1.90500  	2656.87500	0.00000   
-1.90650  	2656.87500	0.00000   
-1.90800  	2656.87500	0.00000   
-1.90950  	2656.87500	0.00000   
-1.91100  	2656.87500	0.00000   
-1.91250  	2656.87500	0.00000   
-1.91400  	2656.87500	0.00000   
-1.91550  	2656.87500	0.00000   
-1.91700  	2656.87500	0.00000   
-1.91850  	2656.87500	0.00000   
-1.92000  	2656.87500	0.00000   
-1.92150  	2656.87500	0.00000   
-1.92300  	2656.87500	0.00000   
-1.92450  	2656.87500	0.00000   
-1.92600  	2656.87500	0.00000   
-1.92750  	2656.87500	0.00000   
-1.92900  	2656.87500	0.00000   
-1.93050  	2656.87500	0.00000   
-1.93200  	2656.87500	0.00000   
-1.93350  	2656.87500	0.00000   
-1.93500  	2656.87500	0.00000   
-1.93650  	2656.87500	0.00000   
-1.93800  	2656.87500	0.00000   
-1.93950  	2656.87500	0.00000   
-1.94100  	2656.87500	0.00000   
-1.94250  	2656.87500	0.00000   
-1.94400  	2656.87500	0.00000   
-1.94550  	2656.87500	0.00000   
-1.94700  	2656.87500	0.00000   
-1.94850  	2656.87500	0.00000   
-1.95000  	2656.87500	0.00000   
