0.0000 0.0000 0.0000 
0.0000 112.5000 0.0000 
0.0000 225.0000 0.0000 
0.0000 337.5000 0.0000 
0.0000 450.0000 0.0000 
0.0020 450.0000 0.0000 
0.0100 450.0000 0.0000 
0.0180 450.0000 0.0000 
0.0260 450.0000 0.0000 
0.0340 450.0000 0.0000 
0.0420 450.0000 0.0000 
0.0460 450.0000 0.0000 
0.0380 450.0000 0.0000 
0.0300 450.0000 0.0000 
0.0220 450.0000 0.0000 
0.0140 450.0000 0.0000 
0.0060 450.0000 0.0000 
-0.0020 450.0000 0.0000 
-0.0100 450.0000 0.0000 
-0.0180 450.0000 0.0000 
-0.0260 450.0000 0.0000 
-0.0340 450.0000 0.0000 
-0.0420 450.0000 0.0000 
-0.0460 450.0000 0.0000 
-0.0380 450.0000 0.0000 
-0.0300 450.0000 0.0000 
-0.0220 450.0000 0.0000 
-0.0140 450.0000 0.0000 
-0.0060 450.0000 0.0000 
0.0020 450.0000 0.0000 
0.0100 450.0000 0.0000 
0.0180 450.0000 0.0000 
0.0260 450.0000 0.0000 
0.0340 450.0000 0.0000 
0.0420 450.0000 0.0000 
0.0460 450.0000 0.0000 
0.0380 450.0000 0.0000 
0.0300 450.0000 0.0000 
0.0220 450.0000 0.0000 
0.0140 450.0000 0.0000 
0.0060 450.0000 0.0000 
-0.0020 450.0000 0.0000 
-0.0100 450.0000 0.0000 
-0.0180 450.0000 0.0000 
-0.0260 450.0000 0.0000 
-0.0340 450.0000 0.0000 
-0.0420 450.0000 0.0000 
-0.0460 450.0000 0.0000 
-0.0380 450.0000 0.0000 
-0.0300 450.0000 0.0000 
-0.0220 450.0000 0.0000 
-0.0140 450.0000 0.0000 
-0.0060 450.0000 0.0000 
0.0020 450.0000 0.0000 
0.0100 450.0000 0.0000 
0.0180 450.0000 0.0000 
0.0260 450.0000 0.0000 
0.0340 450.0000 0.0000 
0.0420 450.0000 0.0000 
0.0460 450.0000 0.0000 
0.0380 450.0000 0.0000 
0.0300 450.0000 0.0000 
0.0220 450.0000 0.0000 
0.0140 450.0000 0.0000 
0.0060 450.0000 0.0000 
-0.0020 450.0000 0.0000 
-0.0100 450.0000 0.0000 
-0.0180 450.0000 0.0000 
-0.0260 450.0000 0.0000 
-0.0340 450.0000 0.0000 
-0.0420 450.0000 0.0000 
-0.0460 450.0000 0.0000 
-0.0380 450.0000 0.0000 
-0.0300 450.0000 0.0000 
-0.0220 450.0000 0.0000 
-0.0140 450.0000 0.0000 
-0.0060 450.0000 0.0000 
0.0040 450.0000 0.0000 
0.0200 450.0000 0.0000 
0.0360 450.0000 0.0000 
0.0520 450.0000 0.0000 
0.0680 450.0000 0.0000 
0.0840 450.0000 0.0000 
0.0920 450.0000 0.0000 
0.0760 450.0000 0.0000 
0.0600 450.0000 0.0000 
0.0440 450.0000 0.0000 
0.0280 450.0000 0.0000 
0.0120 450.0000 0.0000 
-0.0040 450.0000 0.0000 
-0.0200 450.0000 0.0000 
-0.0360 450.0000 0.0000 
-0.0520 450.0000 0.0000 
-0.0680 450.0000 0.0000 
-0.0840 450.0000 0.0000 
-0.0920 450.0000 0.0000 
-0.0760 450.0000 0.0000 
-0.0600 450.0000 0.0000 
-0.0440 450.0000 0.0000 
-0.0280 450.0000 0.0000 
-0.0120 450.0000 0.0000 
0.0040 450.0000 0.0000 
0.0200 450.0000 0.0000 
0.0360 450.0000 0.0000 
0.0520 450.0000 0.0000 
0.0680 450.0000 0.0000 
0.0840 450.0000 0.0000 
0.0920 450.0000 0.0000 
0.0760 450.0000 0.0000 
0.0600 450.0000 0.0000 
0.0440 450.0000 0.0000 
0.0280 450.0000 0.0000 
0.0120 450.0000 0.0000 
-0.0040 450.0000 0.0000 
-0.0200 450.0000 0.0000 
-0.0360 450.0000 0.0000 
-0.0520 450.0000 0.0000 
-0.0680 450.0000 0.0000 
-0.0840 450.0000 0.0000 
-0.0920 450.0000 0.0000 
-0.0760 450.0000 0.0000 
-0.0600 450.0000 0.0000 
-0.0440 450.0000 0.0000 
-0.0280 450.0000 0.0000 
-0.0120 450.0000 0.0000 
0.0040 450.0000 0.0000 
0.0200 450.0000 0.0000 
0.0360 450.0000 0.0000 
0.0520 450.0000 0.0000 
0.0680 450.0000 0.0000 
0.0840 450.0000 0.0000 
0.0920 450.0000 0.0000 
0.0760 450.0000 0.0000 
0.0600 450.0000 0.0000 
0.0440 450.0000 0.0000 
0.0280 450.0000 0.0000 
0.0120 450.0000 0.0000 
-0.0040 450.0000 0.0000 
-0.0200 450.0000 0.0000 
-0.0360 450.0000 0.0000 
-0.0520 450.0000 0.0000 
-0.0680 450.0000 0.0000 
-0.0840 450.0000 0.0000 
-0.0920 450.0000 0.0000 
-0.0760 450.0000 0.0000 
-0.0600 450.0000 0.0000 
-0.0440 450.0000 0.0000 
-0.0280 450.0000 0.0000 
-0.0120 450.0000 0.0000 
0.0080 450.0000 0.0000 
0.0400 450.0000 0.0000 
0.0720 450.0000 0.0000 
0.1040 450.0000 0.0000 
0.1360 450.0000 0.0000 
0.1680 450.0000 0.0000 
0.1840 450.0000 0.0000 
0.1520 450.0000 0.0000 
0.1200 450.0000 0.0000 
0.0880 450.0000 0.0000 
0.0560 450.0000 0.0000 
0.0240 450.0000 0.0000 
-0.0080 450.0000 0.0000 
-0.0400 450.0000 0.0000 
-0.0720 450.0000 0.0000 
-0.1040 450.0000 0.0000 
-0.1360 450.0000 0.0000 
-0.1680 450.0000 0.0000 
-0.1840 450.0000 0.0000 
-0.1520 450.0000 0.0000 
-0.1200 450.0000 0.0000 
-0.0880 450.0000 0.0000 
-0.0560 450.0000 0.0000 
-0.0240 450.0000 0.0000 
0.0080 450.0000 0.0000 
0.0400 450.0000 0.0000 
0.0720 450.0000 0.0000 
0.1040 450.0000 0.0000 
0.1360 450.0000 0.0000 
0.1680 450.0000 0.0000 
0.1840 450.0000 0.0000 
0.1520 450.0000 0.0000 
0.1200 450.0000 0.0000 
0.0880 450.0000 0.0000 
0.0560 450.0000 0.0000 
0.0240 450.0000 0.0000 
-0.0080 450.0000 0.0000 
-0.0400 450.0000 0.0000 
-0.0720 450.0000 0.0000 
-0.1040 450.0000 0.0000 
-0.1360 450.0000 0.0000 
-0.1680 450.0000 0.0000 
-0.1840 450.0000 0.0000 
-0.1520 450.0000 0.0000 
-0.1200 450.0000 0.0000 
-0.0880 450.0000 0.0000 
-0.0560 450.0000 0.0000 
-0.0240 450.0000 0.0000 
0.0080 450.0000 0.0000 
0.0400 450.0000 0.0000 
0.0720 450.0000 0.0000 
0.1040 450.0000 0.0000 
0.1360 450.0000 0.0000 
0.1680 450.0000 0.0000 
0.1840 450.0000 0.0000 
0.1520 450.0000 0.0000 
0.1200 450.0000 0.0000 
0.0880 450.0000 0.0000 
0.0560 450.0000 0.0000 
0.0240 450.0000 0.0000 
-0.0080 450.0000 0.0000 
-0.0400 450.0000 0.0000 
-0.0720 450.0000 0.0000 
-0.1040 450.0000 0.0000 
-0.1360 450.0000 0.0000 
-0.1680 450.0000 0.0000 
-0.1840 450.0000 0.0000 
-0.1520 450.0000 0.0000 
-0.1200 450.0000 0.0000 
-0.0880 450.0000 0.0000 
-0.0560 450.0000 0.0000 
-0.0240 450.0000 0.0000 
0.0120 450.0000 0.0000 
0.0600 450.0000 0.0000 
0.1080 450.0000 0.0000 
0.1560 450.0000 0.0000 
0.2040 450.0000 0.0000 
0.2520 450.0000 0.0000 
0.2760 450.0000 0.0000 
0.2280 450.0000 0.0000 
0.1800 450.0000 0.0000 
0.1320 450.0000 0.0000 
0.0840 450.0000 0.0000 
0.0360 450.0000 0.0000 
-0.0120 450.0000 0.0000 
-0.0600 450.0000 0.0000 
-0.1080 450.0000 0.0000 
-0.1560 450.0000 0.0000 
-0.2040 450.0000 0.0000 
-0.2520 450.0000 0.0000 
-0.2760 450.0000 0.0000 
-0.2280 450.0000 0.0000 
-0.1800 450.0000 0.0000 
-0.1320 450.0000 0.0000 
-0.0840 450.0000 0.0000 
-0.0360 450.0000 0.0000 
0.0120 450.0000 0.0000 
0.0600 450.0000 0.0000 
0.1080 450.0000 0.0000 
0.1560 450.0000 0.0000 
0.2040 450.0000 0.0000 
0.2520 450.0000 0.0000 
0.2760 450.0000 0.0000 
0.2280 450.0000 0.0000 
0.1800 450.0000 0.0000 
0.1320 450.0000 0.0000 
0.0840 450.0000 0.0000 
0.0360 450.0000 0.0000 
-0.0120 450.0000 0.0000 
-0.0600 450.0000 0.0000 
-0.1080 450.0000 0.0000 
-0.1560 450.0000 0.0000 
-0.2040 450.0000 0.0000 
-0.2520 450.0000 0.0000 
-0.2760 450.0000 0.0000 
-0.2280 450.0000 0.0000 
-0.1800 450.0000 0.0000 
-0.1320 450.0000 0.0000 
-0.0840 450.0000 0.0000 
-0.0360 450.0000 0.0000 
0.0120 450.0000 0.0000 
0.0600 450.0000 0.0000 
0.1080 450.0000 0.0000 
0.1560 450.0000 0.0000 
0.2040 450.0000 0.0000 
0.2520 450.0000 0.0000 
0.2760 450.0000 0.0000 
0.2280 450.0000 0.0000 
0.1800 450.0000 0.0000 
0.1320 450.0000 0.0000 
0.0840 450.0000 0.0000 
0.0360 450.0000 0.0000 
-0.0120 450.0000 0.0000 
-0.0600 450.0000 0.0000 
-0.1080 450.0000 0.0000 
-0.1560 450.0000 0.0000 
-0.2040 450.0000 0.0000 
-0.2520 450.0000 0.0000 
-0.2760 450.0000 0.0000 
-0.2280 450.0000 0.0000 
-0.1800 450.0000 0.0000 
-0.1320 450.0000 0.0000 
-0.0840 450.0000 0.0000 
-0.0360 450.0000 0.0000 
0.0160 450.0000 0.0000 
0.0800 450.0000 0.0000 
0.1440 450.0000 0.0000 
0.2080 450.0000 0.0000 
0.2720 450.0000 0.0000 
0.3360 450.0000 0.0000 
0.3680 450.0000 0.0000 
0.3040 450.0000 0.0000 
0.2400 450.0000 0.0000 
0.1760 450.0000 0.0000 
0.1120 450.0000 0.0000 
0.0480 450.0000 0.0000 
-0.0160 450.0000 0.0000 
-0.0800 450.0000 0.0000 
-0.1440 450.0000 0.0000 
-0.2080 450.0000 0.0000 
-0.2720 450.0000 0.0000 
-0.3360 450.0000 0.0000 
-0.3680 450.0000 0.0000 
-0.3040 450.0000 0.0000 
-0.2400 450.0000 0.0000 
-0.1760 450.0000 0.0000 
-0.1120 450.0000 0.0000 
-0.0480 450.0000 0.0000 
0.0160 450.0000 0.0000 
0.0800 450.0000 0.0000 
0.1440 450.0000 0.0000 
0.2080 450.0000 0.0000 
0.2720 450.0000 0.0000 
0.3360 450.0000 0.0000 
0.3680 450.0000 0.0000 
0.3040 450.0000 0.0000 
0.2400 450.0000 0.0000 
0.1760 450.0000 0.0000 
0.1120 450.0000 0.0000 
0.0480 450.0000 0.0000 
-0.0160 450.0000 0.0000 
-0.0800 450.0000 0.0000 
-0.1440 450.0000 0.0000 
-0.2080 450.0000 0.0000 
-0.2720 450.0000 0.0000 
-0.3360 450.0000 0.0000 
-0.3680 450.0000 0.0000 
-0.3040 450.0000 0.0000 
-0.2400 450.0000 0.0000 
-0.1760 450.0000 0.0000 
-0.1120 450.0000 0.0000 
-0.0480 450.0000 0.0000 
0.0160 450.0000 0.0000 
0.0800 450.0000 0.0000 
0.1440 450.0000 0.0000 
0.2080 450.0000 0.0000 
0.2720 450.0000 0.0000 
0.3360 450.0000 0.0000 
0.3680 450.0000 0.0000 
0.3040 450.0000 0.0000 
0.2400 450.0000 0.0000 
0.1760 450.0000 0.0000 
0.1120 450.0000 0.0000 
0.0480 450.0000 0.0000 
-0.0160 450.0000 0.0000 
-0.0800 450.0000 0.0000 
-0.1440 450.0000 0.0000 
-0.2080 450.0000 0.0000 
-0.2720 450.0000 0.0000 
-0.3360 450.0000 0.0000 
-0.3680 450.0000 0.0000 
-0.3040 450.0000 0.0000 
-0.2400 450.0000 0.0000 
-0.1760 450.0000 0.0000 
-0.1120 450.0000 0.0000 
-0.0480 450.0000 0.0000 
0.0200 450.0000 0.0000 
0.1000 450.0000 0.0000 
0.1800 450.0000 0.0000 
0.2600 450.0000 0.0000 
0.3400 450.0000 0.0000 
0.4200 450.0000 0.0000 
0.4600 450.0000 0.0000 
0.3800 450.0000 0.0000 
0.3000 450.0000 0.0000 
0.2200 450.0000 0.0000 
0.1400 450.0000 0.0000 
0.0600 450.0000 0.0000 
-0.0200 450.0000 0.0000 
-0.1000 450.0000 0.0000 
-0.1800 450.0000 0.0000 
-0.2600 450.0000 0.0000 
-0.3400 450.0000 0.0000 
-0.4200 450.0000 0.0000 
-0.4600 450.0000 0.0000 
-0.3800 450.0000 0.0000 
-0.3000 450.0000 0.0000 
-0.2200 450.0000 0.0000 
-0.1400 450.0000 0.0000 
-0.0600 450.0000 0.0000 
0.0200 450.0000 0.0000 
0.1000 450.0000 0.0000 
0.1800 450.0000 0.0000 
0.2600 450.0000 0.0000 
0.3400 450.0000 0.0000 
0.4200 450.0000 0.0000 
0.4600 450.0000 0.0000 
0.3800 450.0000 0.0000 
0.3000 450.0000 0.0000 
0.2200 450.0000 0.0000 
0.1400 450.0000 0.0000 
0.0600 450.0000 0.0000 
-0.0200 450.0000 0.0000 
-0.1000 450.0000 0.0000 
-0.1800 450.0000 0.0000 
-0.2600 450.0000 0.0000 
-0.3400 450.0000 0.0000 
-0.4200 450.0000 0.0000 
-0.4600 450.0000 0.0000 
-0.3800 450.0000 0.0000 
-0.3000 450.0000 0.0000 
-0.2200 450.0000 0.0000 
-0.1400 450.0000 0.0000 
-0.0600 450.0000 0.0000 
0.0200 450.0000 0.0000 
0.1000 450.0000 0.0000 
0.1800 450.0000 0.0000 
0.2600 450.0000 0.0000 
0.3400 450.0000 0.0000 
0.4200 450.0000 0.0000 
0.4600 450.0000 0.0000 
0.3800 450.0000 0.0000 
0.3000 450.0000 0.0000 
0.2200 450.0000 0.0000 
0.1400 450.0000 0.0000 
0.0600 450.0000 0.0000 
-0.0200 450.0000 0.0000 
-0.1000 450.0000 0.0000 
-0.1800 450.0000 0.0000 
-0.2600 450.0000 0.0000 
-0.3400 450.0000 0.0000 
-0.4200 450.0000 0.0000 
-0.4600 450.0000 0.0000 
-0.3800 450.0000 0.0000 
-0.3000 450.0000 0.0000 
-0.2200 450.0000 0.0000 
-0.1400 450.0000 0.0000 
-0.0600 450.0000 0.0000 
0.0240 450.0000 0.0000 
0.1200 450.0000 0.0000 
0.2160 450.0000 0.0000 
0.3120 450.0000 0.0000 
0.4080 450.0000 0.0000 
0.5040 450.0000 0.0000 
0.5520 450.0000 0.0000 
0.4560 450.0000 0.0000 
0.3600 450.0000 0.0000 
0.2640 450.0000 0.0000 
0.1680 450.0000 0.0000 
0.0720 450.0000 0.0000 
-0.0240 450.0000 0.0000 
-0.1200 450.0000 0.0000 
-0.2160 450.0000 0.0000 
-0.3120 450.0000 0.0000 
-0.4080 450.0000 0.0000 
-0.5040 450.0000 0.0000 
-0.5520 450.0000 0.0000 
-0.4560 450.0000 0.0000 
-0.3600 450.0000 0.0000 
-0.2640 450.0000 0.0000 
-0.1680 450.0000 0.0000 
-0.0720 450.0000 0.0000 
0.0240 450.0000 0.0000 
0.1200 450.0000 0.0000 
0.2160 450.0000 0.0000 
0.3120 450.0000 0.0000 
0.4080 450.0000 0.0000 
0.5040 450.0000 0.0000 
0.5520 450.0000 0.0000 
0.4560 450.0000 0.0000 
0.3600 450.0000 0.0000 
0.2640 450.0000 0.0000 
0.1680 450.0000 0.0000 
0.0720 450.0000 0.0000 
-0.0240 450.0000 0.0000 
-0.1200 450.0000 0.0000 
-0.2160 450.0000 0.0000 
-0.3120 450.0000 0.0000 
-0.4080 450.0000 0.0000 
-0.5040 450.0000 0.0000 
-0.5520 450.0000 0.0000 
-0.4560 450.0000 0.0000 
-0.3600 450.0000 0.0000 
-0.2640 450.0000 0.0000 
-0.1680 450.0000 0.0000 
-0.0720 450.0000 0.0000 
0.0240 450.0000 0.0000 
0.1200 450.0000 0.0000 
0.2160 450.0000 0.0000 
0.3120 450.0000 0.0000 
0.4080 450.0000 0.0000 
0.5040 450.0000 0.0000 
0.5520 450.0000 0.0000 
0.4560 450.0000 0.0000 
0.3600 450.0000 0.0000 
0.2640 450.0000 0.0000 
0.1680 450.0000 0.0000 
0.0720 450.0000 0.0000 
-0.0240 450.0000 0.0000 
-0.1200 450.0000 0.0000 
-0.2160 450.0000 0.0000 
-0.3120 450.0000 0.0000 
-0.4080 450.0000 0.0000 
-0.5040 450.0000 0.0000 
-0.5520 450.0000 0.0000 
-0.4560 450.0000 0.0000 
-0.3600 450.0000 0.0000 
-0.2640 450.0000 0.0000 
-0.1680 450.0000 0.0000 
-0.0720 450.0000 0.0000 
0.0280 450.0000 0.0000 
0.1400 450.0000 0.0000 
0.2520 450.0000 0.0000 
0.3640 450.0000 0.0000 
0.4760 450.0000 0.0000 
0.5880 450.0000 0.0000 
0.6440 450.0000 0.0000 
0.5320 450.0000 0.0000 
0.4200 450.0000 0.0000 
0.3080 450.0000 0.0000 
0.1960 450.0000 0.0000 
0.0840 450.0000 0.0000 
-0.0280 450.0000 0.0000 
-0.1400 450.0000 0.0000 
-0.2520 450.0000 0.0000 
-0.3640 450.0000 0.0000 
-0.4760 450.0000 0.0000 
-0.5880 450.0000 0.0000 
-0.6440 450.0000 0.0000 
-0.5320 450.0000 0.0000 
-0.4200 450.0000 0.0000 
-0.3080 450.0000 0.0000 
-0.1960 450.0000 0.0000 
-0.0840 450.0000 0.0000 
0.0280 450.0000 0.0000 
0.1400 450.0000 0.0000 
0.2520 450.0000 0.0000 
0.3640 450.0000 0.0000 
0.4760 450.0000 0.0000 
0.5880 450.0000 0.0000 
0.6440 450.0000 0.0000 
0.5320 450.0000 0.0000 
0.4200 450.0000 0.0000 
0.3080 450.0000 0.0000 
0.1960 450.0000 0.0000 
0.0840 450.0000 0.0000 
-0.0280 450.0000 0.0000 
-0.1400 450.0000 0.0000 
-0.2520 450.0000 0.0000 
-0.3640 450.0000 0.0000 
-0.4760 450.0000 0.0000 
-0.5880 450.0000 0.0000 
-0.6440 450.0000 0.0000 
-0.5320 450.0000 0.0000 
-0.4200 450.0000 0.0000 
-0.3080 450.0000 0.0000 
-0.1960 450.0000 0.0000 
-0.0840 450.0000 0.0000 
0.0280 450.0000 0.0000 
0.1400 450.0000 0.0000 
0.2520 450.0000 0.0000 
0.3640 450.0000 0.0000 
0.4760 450.0000 0.0000 
0.5880 450.0000 0.0000 
0.6440 450.0000 0.0000 
0.5320 450.0000 0.0000 
0.4200 450.0000 0.0000 
0.3080 450.0000 0.0000 
0.1960 450.0000 0.0000 
0.0840 450.0000 0.0000 
-0.0280 450.0000 0.0000 
-0.1400 450.0000 0.0000 
-0.2520 450.0000 0.0000 
-0.3640 450.0000 0.0000 
-0.4760 450.0000 0.0000 
-0.5880 450.0000 0.0000 
-0.6440 450.0000 0.0000 
-0.5320 450.0000 0.0000 
-0.4200 450.0000 0.0000 
-0.3080 450.0000 0.0000 
-0.1960 450.0000 0.0000 
-0.0840 450.0000 0.0000 
0.0320 450.0000 0.0000 
0.1600 450.0000 0.0000 
0.2880 450.0000 0.0000 
0.4160 450.0000 0.0000 
0.5440 450.0000 0.0000 
0.6720 450.0000 0.0000 
0.7360 450.0000 0.0000 
0.6080 450.0000 0.0000 
0.4800 450.0000 0.0000 
0.3520 450.0000 0.0000 
0.2240 450.0000 0.0000 
0.0960 450.0000 0.0000 
-0.0320 450.0000 0.0000 
-0.1600 450.0000 0.0000 
-0.2880 450.0000 0.0000 
-0.4160 450.0000 0.0000 
-0.5440 450.0000 0.0000 
-0.6720 450.0000 0.0000 
-0.7360 450.0000 0.0000 
-0.6080 450.0000 0.0000 
-0.4800 450.0000 0.0000 
-0.3520 450.0000 0.0000 
-0.2240 450.0000 0.0000 
-0.0960 450.0000 0.0000 
0.0320 450.0000 0.0000 
0.1600 450.0000 0.0000 
0.2880 450.0000 0.0000 
0.4160 450.0000 0.0000 
0.5440 450.0000 0.0000 
0.6720 450.0000 0.0000 
0.7360 450.0000 0.0000 
0.6080 450.0000 0.0000 
0.4800 450.0000 0.0000 
0.3520 450.0000 0.0000 
0.2240 450.0000 0.0000 
0.0960 450.0000 0.0000 
-0.0320 450.0000 0.0000 
-0.1600 450.0000 0.0000 
-0.2880 450.0000 0.0000 
-0.4160 450.0000 0.0000 
-0.5440 450.0000 0.0000 
-0.6720 450.0000 0.0000 
-0.7360 450.0000 0.0000 
-0.6080 450.0000 0.0000 
-0.4800 450.0000 0.0000 
-0.3520 450.0000 0.0000 
-0.2240 450.0000 0.0000 
-0.0960 450.0000 0.0000 
0.0320 450.0000 0.0000 
0.1600 450.0000 0.0000 
0.2880 450.0000 0.0000 
0.4160 450.0000 0.0000 
0.5440 450.0000 0.0000 
0.6720 450.0000 0.0000 
0.7360 450.0000 0.0000 
0.6080 450.0000 0.0000 
0.4800 450.0000 0.0000 
0.3520 450.0000 0.0000 
0.2240 450.0000 0.0000 
0.0960 450.0000 0.0000 
-0.0320 450.0000 0.0000 
-0.1600 450.0000 0.0000 
-0.2880 450.0000 0.0000 
-0.4160 450.0000 0.0000 
-0.5440 450.0000 0.0000 
-0.6720 450.0000 0.0000 
-0.7360 450.0000 0.0000 
-0.6080 450.0000 0.0000 
-0.4800 450.0000 0.0000 
-0.3520 450.0000 0.0000 
-0.2240 450.0000 0.0000 
-0.0960 450.0000 0.0000 
0.0360 450.0000 0.0000 
0.1800 450.0000 0.0000 
0.3240 450.0000 0.0000 
0.4680 450.0000 0.0000 
0.6120 450.0000 0.0000 
0.7560 450.0000 0.0000 
0.8280 450.0000 0.0000 
0.6840 450.0000 0.0000 
0.5400 450.0000 0.0000 
0.3960 450.0000 0.0000 
0.2520 450.0000 0.0000 
0.1080 450.0000 0.0000 
-0.0360 450.0000 0.0000 
-0.1800 450.0000 0.0000 
-0.3240 450.0000 0.0000 
-0.4680 450.0000 0.0000 
-0.6120 450.0000 0.0000 
-0.7560 450.0000 0.0000 
-0.8280 450.0000 0.0000 
-0.6840 450.0000 0.0000 
-0.5400 450.0000 0.0000 
-0.3960 450.0000 0.0000 
-0.2520 450.0000 0.0000 
-0.1080 450.0000 0.0000 
0.0360 450.0000 0.0000 
0.1800 450.0000 0.0000 
0.3240 450.0000 0.0000 
0.4680 450.0000 0.0000 
0.6120 450.0000 0.0000 
0.7560 450.0000 0.0000 
0.8280 450.0000 0.0000 
0.6840 450.0000 0.0000 
0.5400 450.0000 0.0000 
0.3960 450.0000 0.0000 
0.2520 450.0000 0.0000 
0.1080 450.0000 0.0000 
-0.0360 450.0000 0.0000 
-0.1800 450.0000 0.0000 
-0.3240 450.0000 0.0000 
-0.4680 450.0000 0.0000 
-0.6120 450.0000 0.0000 
-0.7560 450.0000 0.0000 
-0.8280 450.0000 0.0000 
-0.6840 450.0000 0.0000 
-0.5400 450.0000 0.0000 
-0.3960 450.0000 0.0000 
-0.2520 450.0000 0.0000 
-0.1080 450.0000 0.0000 
0.0360 450.0000 0.0000 
0.1800 450.0000 0.0000 
0.3240 450.0000 0.0000 
0.4680 450.0000 0.0000 
0.6120 450.0000 0.0000 
0.7560 450.0000 0.0000 
0.8280 450.0000 0.0000 
0.6840 450.0000 0.0000 
0.5400 450.0000 0.0000 
0.3960 450.0000 0.0000 
0.2520 450.0000 0.0000 
0.1080 450.0000 0.0000 
-0.0360 450.0000 0.0000 
-0.1800 450.0000 0.0000 
-0.3240 450.0000 0.0000 
-0.4680 450.0000 0.0000 
-0.6120 450.0000 0.0000 
-0.7560 450.0000 0.0000 
-0.8280 450.0000 0.0000 
-0.6840 450.0000 0.0000 
-0.5400 450.0000 0.0000 
-0.3960 450.0000 0.0000 
-0.2520 450.0000 0.0000 
-0.1080 450.0000 0.0000 
0.0400 450.0000 0.0000 
0.2000 450.0000 0.0000 
0.3600 450.0000 0.0000 
0.5200 450.0000 0.0000 
0.6800 450.0000 0.0000 
0.8400 450.0000 0.0000 
0.9200 450.0000 0.0000 
0.7600 450.0000 0.0000 
0.6000 450.0000 0.0000 
0.4400 450.0000 0.0000 
0.2800 450.0000 0.0000 
0.1200 450.0000 0.0000 
-0.0400 450.0000 0.0000 
-0.2000 450.0000 0.0000 
-0.3600 450.0000 0.0000 
-0.5200 450.0000 0.0000 
-0.6800 450.0000 0.0000 
-0.8400 450.0000 0.0000 
-0.9200 450.0000 0.0000 
-0.7600 450.0000 0.0000 
-0.6000 450.0000 0.0000 
-0.4400 450.0000 0.0000 
-0.2800 450.0000 0.0000 
-0.1200 450.0000 0.0000 
0.0400 450.0000 0.0000 
0.2000 450.0000 0.0000 
0.3600 450.0000 0.0000 
0.5200 450.0000 0.0000 
0.6800 450.0000 0.0000 
0.8400 450.0000 0.0000 
0.9200 450.0000 0.0000 
0.7600 450.0000 0.0000 
0.6000 450.0000 0.0000 
0.4400 450.0000 0.0000 
0.2800 450.0000 0.0000 
0.1200 450.0000 0.0000 
-0.0400 450.0000 0.0000 
-0.2000 450.0000 0.0000 
-0.3600 450.0000 0.0000 
-0.5200 450.0000 0.0000 
-0.6800 450.0000 0.0000 
-0.8400 450.0000 0.0000 
-0.9200 450.0000 0.0000 
-0.7600 450.0000 0.0000 
-0.6000 450.0000 0.0000 
-0.4400 450.0000 0.0000 
-0.2800 450.0000 0.0000 
-0.1200 450.0000 0.0000 
0.0400 450.0000 0.0000 
0.2000 450.0000 0.0000 
0.3600 450.0000 0.0000 
0.5200 450.0000 0.0000 
0.6800 450.0000 0.0000 
0.8400 450.0000 0.0000 
0.9200 450.0000 0.0000 
0.7600 450.0000 0.0000 
0.6000 450.0000 0.0000 
0.4400 450.0000 0.0000 
0.2800 450.0000 0.0000 
0.1200 450.0000 0.0000 
-0.0400 450.0000 0.0000 
-0.2000 450.0000 0.0000 
-0.3600 450.0000 0.0000 
-0.5200 450.0000 0.0000 
-0.6800 450.0000 0.0000 
-0.8400 450.0000 0.0000 
-0.9200 450.0000 0.0000 
-0.7600 450.0000 0.0000 
-0.6000 450.0000 0.0000 
-0.4400 450.0000 0.0000 
-0.2800 450.0000 0.0000 
-0.1200 450.0000 0.0000 
