0.00000   	0.00000   	0.00000   
0.00000   	283.79464 	0.00000   
0.00000   	567.58929 	0.00000   
0.00000   	851.38393 	0.00000   
0.00000   	1135.17857	0.00000   
0.00000   	1418.97321	0.00000   
0.00000   	1702.76786	0.00000   
0.00000   	1986.56250	0.00000   
0.00000   	2270.35714	0.00000   
0.00000   	2554.15179	0.00000   
0.00000   	2837.94643	0.00000   
0.00000   	3121.74107	0.00000   
0.00000   	3405.53571	0.00000   
0.00000   	3689.33036	0.00000   
0.00000   	3973.12500	0.00000   
0.00150   	3973.12500	0.00000   
0.00300   	3973.12500	0.00000   
0.00450   	3973.12500	0.00000   
0.00600   	3973.12500	0.00000   
0.00750   	3973.12500	0.00000   
0.00900   	3973.12500	0.00000   
0.01050   	3973.12500	0.00000   
0.01200   	3973.12500	0.00000   
0.01350   	3973.12500	0.00000   
0.01500   	3973.12500	0.00000   
0.01650   	3973.12500	0.00000   
0.01800   	3973.12500	0.00000   
0.01950   	3973.12500	0.00000   
0.02100   	3973.12500	0.00000   
0.02250   	3973.12500	0.00000   
0.02100   	3973.12500	0.00000   
0.01950   	3973.12500	0.00000   
0.01800   	3973.12500	0.00000   
0.01650   	3973.12500	0.00000   
0.01500   	3973.12500	0.00000   
0.01350   	3973.12500	0.00000   
0.01200   	3973.12500	0.00000   
0.01050   	3973.12500	0.00000   
0.00900   	3973.12500	0.00000   
0.00750   	3973.12500	0.00000   
0.00600   	3973.12500	0.00000   
0.00450   	3973.12500	0.00000   
0.00300   	3973.12500	0.00000   
0.00150   	3973.12500	0.00000   
0.00000   	3973.12500	0.00000   
-0.00150  	3973.12500	0.00000   
-0.00300  	3973.12500	0.00000   
-0.00450  	3973.12500	0.00000   
-0.00600  	3973.12500	0.00000   
-0.00750  	3973.12500	0.00000   
-0.00900  	3973.12500	0.00000   
-0.01050  	3973.12500	0.00000   
-0.01200  	3973.12500	0.00000   
-0.01350  	3973.12500	0.00000   
-0.01500  	3973.12500	0.00000   
-0.01650  	3973.12500	0.00000   
-0.01800  	3973.12500	0.00000   
-0.01950  	3973.12500	0.00000   
-0.02100  	3973.12500	0.00000   
-0.02250  	3973.12500	0.00000   
-0.02100  	3973.12500	0.00000   
-0.01950  	3973.12500	0.00000   
-0.01800  	3973.12500	0.00000   
-0.01650  	3973.12500	0.00000   
-0.01500  	3973.12500	0.00000   
-0.01350  	3973.12500	0.00000   
-0.01200  	3973.12500	0.00000   
-0.01050  	3973.12500	0.00000   
-0.00900  	3973.12500	0.00000   
-0.00750  	3973.12500	0.00000   
-0.00600  	3973.12500	0.00000   
-0.00450  	3973.12500	0.00000   
-0.00300  	3973.12500	0.00000   
-0.00150  	3973.12500	0.00000   
0.00000   	3973.12500	0.00000   
0.00150   	3973.12500	0.00000   
0.00300   	3973.12500	0.00000   
0.00450   	3973.12500	0.00000   
0.00600   	3973.12500	0.00000   
0.00750   	3973.12500	0.00000   
0.00900   	3973.12500	0.00000   
0.01050   	3973.12500	0.00000   
0.01200   	3973.12500	0.00000   
0.01350   	3973.12500	0.00000   
0.01500   	3973.12500	0.00000   
0.01650   	3973.12500	0.00000   
0.01800   	3973.12500	0.00000   
0.01950   	3973.12500	0.00000   
0.02100   	3973.12500	0.00000   
0.02250   	3973.12500	0.00000   
0.02100   	3973.12500	0.00000   
0.01950   	3973.12500	0.00000   
0.01800   	3973.12500	0.00000   
0.01650   	3973.12500	0.00000   
0.01500   	3973.12500	0.00000   
0.01350   	3973.12500	0.00000   
0.01200   	3973.12500	0.00000   
0.01050   	3973.12500	0.00000   
0.00900   	3973.12500	0.00000   
0.00750   	3973.12500	0.00000   
0.00600   	3973.12500	0.00000   
0.00450   	3973.12500	0.00000   
0.00300   	3973.12500	0.00000   
0.00150   	3973.12500	0.00000   
0.00000   	3973.12500	0.00000   
-0.00150  	3973.12500	0.00000   
-0.00300  	3973.12500	0.00000   
-0.00450  	3973.12500	0.00000   
-0.00600  	3973.12500	0.00000   
-0.00750  	3973.12500	0.00000   
-0.00900  	3973.12500	0.00000   
-0.01050  	3973.12500	0.00000   
-0.01200  	3973.12500	0.00000   
-0.01350  	3973.12500	0.00000   
-0.01500  	3973.12500	0.00000   
-0.01650  	3973.12500	0.00000   
-0.01800  	3973.12500	0.00000   
-0.01950  	3973.12500	0.00000   
-0.02100  	3973.12500	0.00000   
-0.02250  	3973.12500	0.00000   
-0.02100  	3973.12500	0.00000   
-0.01950  	3973.12500	0.00000   
-0.01800  	3973.12500	0.00000   
-0.01650  	3973.12500	0.00000   
-0.01500  	3973.12500	0.00000   
-0.01350  	3973.12500	0.00000   
-0.01200  	3973.12500	0.00000   
-0.01050  	3973.12500	0.00000   
-0.00900  	3973.12500	0.00000   
-0.00750  	3973.12500	0.00000   
-0.00600  	3973.12500	0.00000   
-0.00450  	3973.12500	0.00000   
-0.00300  	3973.12500	0.00000   
-0.00150  	3973.12500	0.00000   
0.00000   	3973.12500	0.00000   
0.00250   	3973.12500	0.00000   
0.00500   	3973.12500	0.00000   
0.00750   	3973.12500	0.00000   
0.01000   	3973.12500	0.00000   
0.01250   	3973.12500	0.00000   
0.01500   	3973.12500	0.00000   
0.01750   	3973.12500	0.00000   
0.02000   	3973.12500	0.00000   
0.02250   	3973.12500	0.00000   
0.02500   	3973.12500	0.00000   
0.02750   	3973.12500	0.00000   
0.03000   	3973.12500	0.00000   
0.03250   	3973.12500	0.00000   
0.03500   	3973.12500	0.00000   
0.03750   	3973.12500	0.00000   
0.03500   	3973.12500	0.00000   
0.03250   	3973.12500	0.00000   
0.03000   	3973.12500	0.00000   
0.02750   	3973.12500	0.00000   
0.02500   	3973.12500	0.00000   
0.02250   	3973.12500	0.00000   
0.02000   	3973.12500	0.00000   
0.01750   	3973.12500	0.00000   
0.01500   	3973.12500	0.00000   
0.01250   	3973.12500	0.00000   
0.01000   	3973.12500	0.00000   
0.00750   	3973.12500	0.00000   
0.00500   	3973.12500	0.00000   
0.00250   	3973.12500	0.00000   
0.00000   	3973.12500	0.00000   
-0.00250  	3973.12500	0.00000   
-0.00500  	3973.12500	0.00000   
-0.00750  	3973.12500	0.00000   
-0.01000  	3973.12500	0.00000   
-0.01250  	3973.12500	0.00000   
-0.01500  	3973.12500	0.00000   
-0.01750  	3973.12500	0.00000   
-0.02000  	3973.12500	0.00000   
-0.02250  	3973.12500	0.00000   
-0.02500  	3973.12500	0.00000   
-0.02750  	3973.12500	0.00000   
-0.03000  	3973.12500	0.00000   
-0.03250  	3973.12500	0.00000   
-0.03500  	3973.12500	0.00000   
-0.03750  	3973.12500	0.00000   
-0.03500  	3973.12500	0.00000   
-0.03250  	3973.12500	0.00000   
-0.03000  	3973.12500	0.00000   
-0.02750  	3973.12500	0.00000   
-0.02500  	3973.12500	0.00000   
-0.02250  	3973.12500	0.00000   
-0.02000  	3973.12500	0.00000   
-0.01750  	3973.12500	0.00000   
-0.01500  	3973.12500	0.00000   
-0.01250  	3973.12500	0.00000   
-0.01000  	3973.12500	0.00000   
-0.00750  	3973.12500	0.00000   
-0.00500  	3973.12500	0.00000   
-0.00250  	3973.12500	0.00000   
0.00000   	3973.12500	0.00000   
0.00250   	3973.12500	0.00000   
0.00500   	3973.12500	0.00000   
0.00750   	3973.12500	0.00000   
0.01000   	3973.12500	0.00000   
0.01250   	3973.12500	0.00000   
0.01500   	3973.12500	0.00000   
0.01750   	3973.12500	0.00000   
0.02000   	3973.12500	0.00000   
0.02250   	3973.12500	0.00000   
0.02500   	3973.12500	0.00000   
0.02750   	3973.12500	0.00000   
0.03000   	3973.12500	0.00000   
0.03250   	3973.12500	0.00000   
0.03500   	3973.12500	0.00000   
0.03750   	3973.12500	0.00000   
0.03500   	3973.12500	0.00000   
0.03250   	3973.12500	0.00000   
0.03000   	3973.12500	0.00000   
0.02750   	3973.12500	0.00000   
0.02500   	3973.12500	0.00000   
0.02250   	3973.12500	0.00000   
0.02000   	3973.12500	0.00000   
0.01750   	3973.12500	0.00000   
0.01500   	3973.12500	0.00000   
0.01250   	3973.12500	0.00000   
0.01000   	3973.12500	0.00000   
0.00750   	3973.12500	0.00000   
0.00500   	3973.12500	0.00000   
0.00250   	3973.12500	0.00000   
0.00000   	3973.12500	0.00000   
-0.00250  	3973.12500	0.00000   
-0.00500  	3973.12500	0.00000   
-0.00750  	3973.12500	0.00000   
-0.01000  	3973.12500	0.00000   
-0.01250  	3973.12500	0.00000   
-0.01500  	3973.12500	0.00000   
-0.01750  	3973.12500	0.00000   
-0.02000  	3973.12500	0.00000   
-0.02250  	3973.12500	0.00000   
-0.02500  	3973.12500	0.00000   
-0.02750  	3973.12500	0.00000   
-0.03000  	3973.12500	0.00000   
-0.03250  	3973.12500	0.00000   
-0.03500  	3973.12500	0.00000   
-0.03750  	3973.12500	0.00000   
-0.03500  	3973.12500	0.00000   
-0.03250  	3973.12500	0.00000   
-0.03000  	3973.12500	0.00000   
-0.02750  	3973.12500	0.00000   
-0.02500  	3973.12500	0.00000   
-0.02250  	3973.12500	0.00000   
-0.02000  	3973.12500	0.00000   
-0.01750  	3973.12500	0.00000   
-0.01500  	3973.12500	0.00000   
-0.01250  	3973.12500	0.00000   
-0.01000  	3973.12500	0.00000   
-0.00750  	3973.12500	0.00000   
-0.00500  	3973.12500	0.00000   
-0.00250  	3973.12500	0.00000   
0.00000   	3973.12500	0.00000   
0.00500   	3973.12500	0.00000   
0.01000   	3973.12500	0.00000   
0.01500   	3973.12500	0.00000   
0.02000   	3973.12500	0.00000   
0.02500   	3973.12500	0.00000   
0.03000   	3973.12500	0.00000   
0.03500   	3973.12500	0.00000   
0.04000   	3973.12500	0.00000   
0.04500   	3973.12500	0.00000   
0.05000   	3973.12500	0.00000   
0.05500   	3973.12500	0.00000   
0.06000   	3973.12500	0.00000   
0.06500   	3973.12500	0.00000   
0.07000   	3973.12500	0.00000   
0.07500   	3973.12500	0.00000   
0.07000   	3973.12500	0.00000   
0.06500   	3973.12500	0.00000   
0.06000   	3973.12500	0.00000   
0.05500   	3973.12500	0.00000   
0.05000   	3973.12500	0.00000   
0.04500   	3973.12500	0.00000   
0.04000   	3973.12500	0.00000   
0.03500   	3973.12500	0.00000   
0.03000   	3973.12500	0.00000   
0.02500   	3973.12500	0.00000   
0.02000   	3973.12500	0.00000   
0.01500   	3973.12500	0.00000   
0.01000   	3973.12500	0.00000   
0.00500   	3973.12500	0.00000   
0.00000   	3973.12500	0.00000   
-0.00500  	3973.12500	0.00000   
-0.01000  	3973.12500	0.00000   
-0.01500  	3973.12500	0.00000   
-0.02000  	3973.12500	0.00000   
-0.02500  	3973.12500	0.00000   
-0.03000  	3973.12500	0.00000   
-0.03500  	3973.12500	0.00000   
-0.04000  	3973.12500	0.00000   
-0.04500  	3973.12500	0.00000   
-0.05000  	3973.12500	0.00000   
-0.05500  	3973.12500	0.00000   
-0.06000  	3973.12500	0.00000   
-0.06500  	3973.12500	0.00000   
-0.07000  	3973.12500	0.00000   
-0.07500  	3973.12500	0.00000   
-0.07000  	3973.12500	0.00000   
-0.06500  	3973.12500	0.00000   
-0.06000  	3973.12500	0.00000   
-0.05500  	3973.12500	0.00000   
-0.05000  	3973.12500	0.00000   
-0.04500  	3973.12500	0.00000   
-0.04000  	3973.12500	0.00000   
-0.03500  	3973.12500	0.00000   
-0.03000  	3973.12500	0.00000   
-0.02500  	3973.12500	0.00000   
-0.02000  	3973.12500	0.00000   
-0.01500  	3973.12500	0.00000   
-0.01000  	3973.12500	0.00000   
-0.00500  	3973.12500	0.00000   
0.00000   	3973.12500	0.00000   
0.00500   	3973.12500	0.00000   
0.01000   	3973.12500	0.00000   
0.01500   	3973.12500	0.00000   
0.02000   	3973.12500	0.00000   
0.02500   	3973.12500	0.00000   
0.03000   	3973.12500	0.00000   
0.03500   	3973.12500	0.00000   
0.04000   	3973.12500	0.00000   
0.04500   	3973.12500	0.00000   
0.05000   	3973.12500	0.00000   
0.05500   	3973.12500	0.00000   
0.06000   	3973.12500	0.00000   
0.06500   	3973.12500	0.00000   
0.07000   	3973.12500	0.00000   
0.07500   	3973.12500	0.00000   
0.07000   	3973.12500	0.00000   
0.06500   	3973.12500	0.00000   
0.06000   	3973.12500	0.00000   
0.05500   	3973.12500	0.00000   
0.05000   	3973.12500	0.00000   
0.04500   	3973.12500	0.00000   
0.04000   	3973.12500	0.00000   
0.03500   	3973.12500	0.00000   
0.03000   	3973.12500	0.00000   
0.02500   	3973.12500	0.00000   
0.02000   	3973.12500	0.00000   
0.01500   	3973.12500	0.00000   
0.01000   	3973.12500	0.00000   
0.00500   	3973.12500	0.00000   
0.00000   	3973.12500	0.00000   
-0.00500  	3973.12500	0.00000   
-0.01000  	3973.12500	0.00000   
-0.01500  	3973.12500	0.00000   
-0.02000  	3973.12500	0.00000   
-0.02500  	3973.12500	0.00000   
-0.03000  	3973.12500	0.00000   
-0.03500  	3973.12500	0.00000   
-0.04000  	3973.12500	0.00000   
-0.04500  	3973.12500	0.00000   
-0.05000  	3973.12500	0.00000   
-0.05500  	3973.12500	0.00000   
-0.06000  	3973.12500	0.00000   
-0.06500  	3973.12500	0.00000   
-0.07000  	3973.12500	0.00000   
-0.07500  	3973.12500	0.00000   
-0.07000  	3973.12500	0.00000   
-0.06500  	3973.12500	0.00000   
-0.06000  	3973.12500	0.00000   
-0.05500  	3973.12500	0.00000   
-0.05000  	3973.12500	0.00000   
-0.04500  	3973.12500	0.00000   
-0.04000  	3973.12500	0.00000   
-0.03500  	3973.12500	0.00000   
-0.03000  	3973.12500	0.00000   
-0.02500  	3973.12500	0.00000   
-0.02000  	3973.12500	0.00000   
-0.01500  	3973.12500	0.00000   
-0.01000  	3973.12500	0.00000   
-0.00500  	3973.12500	0.00000   
0.00000   	3973.12500	0.00000   
0.00750   	3973.12500	0.00000   
0.01500   	3973.12500	0.00000   
0.02250   	3973.12500	0.00000   
0.03000   	3973.12500	0.00000   
0.03750   	3973.12500	0.00000   
0.04500   	3973.12500	0.00000   
0.05250   	3973.12500	0.00000   
0.06000   	3973.12500	0.00000   
0.06750   	3973.12500	0.00000   
0.07500   	3973.12500	0.00000   
0.08250   	3973.12500	0.00000   
0.09000   	3973.12500	0.00000   
0.09750   	3973.12500	0.00000   
0.10500   	3973.12500	0.00000   
0.11250   	3973.12500	0.00000   
0.10500   	3973.12500	0.00000   
0.09750   	3973.12500	0.00000   
0.09000   	3973.12500	0.00000   
0.08250   	3973.12500	0.00000   
0.07500   	3973.12500	0.00000   
0.06750   	3973.12500	0.00000   
0.06000   	3973.12500	0.00000   
0.05250   	3973.12500	0.00000   
0.04500   	3973.12500	0.00000   
0.03750   	3973.12500	0.00000   
0.03000   	3973.12500	0.00000   
0.02250   	3973.12500	0.00000   
0.01500   	3973.12500	0.00000   
0.00750   	3973.12500	0.00000   
0.00000   	3973.12500	0.00000   
-0.00750  	3973.12500	0.00000   
-0.01500  	3973.12500	0.00000   
-0.02250  	3973.12500	0.00000   
-0.03000  	3973.12500	0.00000   
-0.03750  	3973.12500	0.00000   
-0.04500  	3973.12500	0.00000   
-0.05250  	3973.12500	0.00000   
-0.06000  	3973.12500	0.00000   
-0.06750  	3973.12500	0.00000   
-0.07500  	3973.12500	0.00000   
-0.08250  	3973.12500	0.00000   
-0.09000  	3973.12500	0.00000   
-0.09750  	3973.12500	0.00000   
-0.10500  	3973.12500	0.00000   
-0.11250  	3973.12500	0.00000   
-0.10500  	3973.12500	0.00000   
-0.09750  	3973.12500	0.00000   
-0.09000  	3973.12500	0.00000   
-0.08250  	3973.12500	0.00000   
-0.07500  	3973.12500	0.00000   
-0.06750  	3973.12500	0.00000   
-0.06000  	3973.12500	0.00000   
-0.05250  	3973.12500	0.00000   
-0.04500  	3973.12500	0.00000   
-0.03750  	3973.12500	0.00000   
-0.03000  	3973.12500	0.00000   
-0.02250  	3973.12500	0.00000   
-0.01500  	3973.12500	0.00000   
-0.00750  	3973.12500	0.00000   
0.00000   	3973.12500	0.00000   
0.00750   	3973.12500	0.00000   
0.01500   	3973.12500	0.00000   
0.02250   	3973.12500	0.00000   
0.03000   	3973.12500	0.00000   
0.03750   	3973.12500	0.00000   
0.04500   	3973.12500	0.00000   
0.05250   	3973.12500	0.00000   
0.06000   	3973.12500	0.00000   
0.06750   	3973.12500	0.00000   
0.07500   	3973.12500	0.00000   
0.08250   	3973.12500	0.00000   
0.09000   	3973.12500	0.00000   
0.09750   	3973.12500	0.00000   
0.10500   	3973.12500	0.00000   
0.11250   	3973.12500	0.00000   
0.10500   	3973.12500	0.00000   
0.09750   	3973.12500	0.00000   
0.09000   	3973.12500	0.00000   
0.08250   	3973.12500	0.00000   
0.07500   	3973.12500	0.00000   
0.06750   	3973.12500	0.00000   
0.06000   	3973.12500	0.00000   
0.05250   	3973.12500	0.00000   
0.04500   	3973.12500	0.00000   
0.03750   	3973.12500	0.00000   
0.03000   	3973.12500	0.00000   
0.02250   	3973.12500	0.00000   
0.01500   	3973.12500	0.00000   
0.00750   	3973.12500	0.00000   
0.00000   	3973.12500	0.00000   
-0.00750  	3973.12500	0.00000   
-0.01500  	3973.12500	0.00000   
-0.02250  	3973.12500	0.00000   
-0.03000  	3973.12500	0.00000   
-0.03750  	3973.12500	0.00000   
-0.04500  	3973.12500	0.00000   
-0.05250  	3973.12500	0.00000   
-0.06000  	3973.12500	0.00000   
-0.06750  	3973.12500	0.00000   
-0.07500  	3973.12500	0.00000   
-0.08250  	3973.12500	0.00000   
-0.09000  	3973.12500	0.00000   
-0.09750  	3973.12500	0.00000   
-0.10500  	3973.12500	0.00000   
-0.11250  	3973.12500	0.00000   
-0.10500  	3973.12500	0.00000   
-0.09750  	3973.12500	0.00000   
-0.09000  	3973.12500	0.00000   
-0.08250  	3973.12500	0.00000   
-0.07500  	3973.12500	0.00000   
-0.06750  	3973.12500	0.00000   
-0.06000  	3973.12500	0.00000   
-0.05250  	3973.12500	0.00000   
-0.04500  	3973.12500	0.00000   
-0.03750  	3973.12500	0.00000   
-0.03000  	3973.12500	0.00000   
-0.02250  	3973.12500	0.00000   
-0.01500  	3973.12500	0.00000   
-0.00750  	3973.12500	0.00000   
0.00000   	3973.12500	0.00000   
0.01000   	3973.12500	0.00000   
0.02000   	3973.12500	0.00000   
0.03000   	3973.12500	0.00000   
0.04000   	3973.12500	0.00000   
0.05000   	3973.12500	0.00000   
0.06000   	3973.12500	0.00000   
0.07000   	3973.12500	0.00000   
0.08000   	3973.12500	0.00000   
0.09000   	3973.12500	0.00000   
0.10000   	3973.12500	0.00000   
0.11000   	3973.12500	0.00000   
0.12000   	3973.12500	0.00000   
0.13000   	3973.12500	0.00000   
0.14000   	3973.12500	0.00000   
0.15000   	3973.12500	0.00000   
0.14000   	3973.12500	0.00000   
0.13000   	3973.12500	0.00000   
0.12000   	3973.12500	0.00000   
0.11000   	3973.12500	0.00000   
0.10000   	3973.12500	0.00000   
0.09000   	3973.12500	0.00000   
0.08000   	3973.12500	0.00000   
0.07000   	3973.12500	0.00000   
0.06000   	3973.12500	0.00000   
0.05000   	3973.12500	0.00000   
0.04000   	3973.12500	0.00000   
0.03000   	3973.12500	0.00000   
0.02000   	3973.12500	0.00000   
0.01000   	3973.12500	0.00000   
0.00000   	3973.12500	0.00000   
-0.01000  	3973.12500	0.00000   
-0.02000  	3973.12500	0.00000   
-0.03000  	3973.12500	0.00000   
-0.04000  	3973.12500	0.00000   
-0.05000  	3973.12500	0.00000   
-0.06000  	3973.12500	0.00000   
-0.07000  	3973.12500	0.00000   
-0.08000  	3973.12500	0.00000   
-0.09000  	3973.12500	0.00000   
-0.10000  	3973.12500	0.00000   
-0.11000  	3973.12500	0.00000   
-0.12000  	3973.12500	0.00000   
-0.13000  	3973.12500	0.00000   
-0.14000  	3973.12500	0.00000   
-0.15000  	3973.12500	0.00000   
-0.14000  	3973.12500	0.00000   
-0.13000  	3973.12500	0.00000   
-0.12000  	3973.12500	0.00000   
-0.11000  	3973.12500	0.00000   
-0.10000  	3973.12500	0.00000   
-0.09000  	3973.12500	0.00000   
-0.08000  	3973.12500	0.00000   
-0.07000  	3973.12500	0.00000   
-0.06000  	3973.12500	0.00000   
-0.05000  	3973.12500	0.00000   
-0.04000  	3973.12500	0.00000   
-0.03000  	3973.12500	0.00000   
-0.02000  	3973.12500	0.00000   
-0.01000  	3973.12500	0.00000   
0.00000   	3973.12500	0.00000   
0.01000   	3973.12500	0.00000   
0.02000   	3973.12500	0.00000   
0.03000   	3973.12500	0.00000   
0.04000   	3973.12500	0.00000   
0.05000   	3973.12500	0.00000   
0.06000   	3973.12500	0.00000   
0.07000   	3973.12500	0.00000   
0.08000   	3973.12500	0.00000   
0.09000   	3973.12500	0.00000   
0.10000   	3973.12500	0.00000   
0.11000   	3973.12500	0.00000   
0.12000   	3973.12500	0.00000   
0.13000   	3973.12500	0.00000   
0.14000   	3973.12500	0.00000   
0.15000   	3973.12500	0.00000   
0.14000   	3973.12500	0.00000   
0.13000   	3973.12500	0.00000   
0.12000   	3973.12500	0.00000   
0.11000   	3973.12500	0.00000   
0.10000   	3973.12500	0.00000   
0.09000   	3973.12500	0.00000   
0.08000   	3973.12500	0.00000   
0.07000   	3973.12500	0.00000   
0.06000   	3973.12500	0.00000   
0.05000   	3973.12500	0.00000   
0.04000   	3973.12500	0.00000   
0.03000   	3973.12500	0.00000   
0.02000   	3973.12500	0.00000   
0.01000   	3973.12500	0.00000   
0.00000   	3973.12500	0.00000   
-0.01000  	3973.12500	0.00000   
-0.02000  	3973.12500	0.00000   
-0.03000  	3973.12500	0.00000   
-0.04000  	3973.12500	0.00000   
-0.05000  	3973.12500	0.00000   
-0.06000  	3973.12500	0.00000   
-0.07000  	3973.12500	0.00000   
-0.08000  	3973.12500	0.00000   
-0.09000  	3973.12500	0.00000   
-0.10000  	3973.12500	0.00000   
-0.11000  	3973.12500	0.00000   
-0.12000  	3973.12500	0.00000   
-0.13000  	3973.12500	0.00000   
-0.14000  	3973.12500	0.00000   
-0.15000  	3973.12500	0.00000   
-0.14000  	3973.12500	0.00000   
-0.13000  	3973.12500	0.00000   
-0.12000  	3973.12500	0.00000   
-0.11000  	3973.12500	0.00000   
-0.10000  	3973.12500	0.00000   
-0.09000  	3973.12500	0.00000   
-0.08000  	3973.12500	0.00000   
-0.07000  	3973.12500	0.00000   
-0.06000  	3973.12500	0.00000   
-0.05000  	3973.12500	0.00000   
-0.04000  	3973.12500	0.00000   
-0.03000  	3973.12500	0.00000   
-0.02000  	3973.12500	0.00000   
-0.01000  	3973.12500	0.00000   
0.00000   	3973.12500	0.00000   
0.01500   	3973.12500	0.00000   
0.03000   	3973.12500	0.00000   
0.04500   	3973.12500	0.00000   
0.06000   	3973.12500	0.00000   
0.07500   	3973.12500	0.00000   
0.09000   	3973.12500	0.00000   
0.10500   	3973.12500	0.00000   
0.12000   	3973.12500	0.00000   
0.13500   	3973.12500	0.00000   
0.15000   	3973.12500	0.00000   
0.16500   	3973.12500	0.00000   
0.18000   	3973.12500	0.00000   
0.19500   	3973.12500	0.00000   
0.21000   	3973.12500	0.00000   
0.22500   	3973.12500	0.00000   
0.21000   	3973.12500	0.00000   
0.19500   	3973.12500	0.00000   
0.18000   	3973.12500	0.00000   
0.16500   	3973.12500	0.00000   
0.15000   	3973.12500	0.00000   
0.13500   	3973.12500	0.00000   
0.12000   	3973.12500	0.00000   
0.10500   	3973.12500	0.00000   
0.09000   	3973.12500	0.00000   
0.07500   	3973.12500	0.00000   
0.06000   	3973.12500	0.00000   
0.04500   	3973.12500	0.00000   
0.03000   	3973.12500	0.00000   
0.01500   	3973.12500	0.00000   
0.00000   	3973.12500	0.00000   
-0.01500  	3973.12500	0.00000   
-0.03000  	3973.12500	0.00000   
-0.04500  	3973.12500	0.00000   
-0.06000  	3973.12500	0.00000   
-0.07500  	3973.12500	0.00000   
-0.09000  	3973.12500	0.00000   
-0.10500  	3973.12500	0.00000   
-0.12000  	3973.12500	0.00000   
-0.13500  	3973.12500	0.00000   
-0.15000  	3973.12500	0.00000   
-0.16500  	3973.12500	0.00000   
-0.18000  	3973.12500	0.00000   
-0.19500  	3973.12500	0.00000   
-0.21000  	3973.12500	0.00000   
-0.22500  	3973.12500	0.00000   
-0.21000  	3973.12500	0.00000   
-0.19500  	3973.12500	0.00000   
-0.18000  	3973.12500	0.00000   
-0.16500  	3973.12500	0.00000   
-0.15000  	3973.12500	0.00000   
-0.13500  	3973.12500	0.00000   
-0.12000  	3973.12500	0.00000   
-0.10500  	3973.12500	0.00000   
-0.09000  	3973.12500	0.00000   
-0.07500  	3973.12500	0.00000   
-0.06000  	3973.12500	0.00000   
-0.04500  	3973.12500	0.00000   
-0.03000  	3973.12500	0.00000   
-0.01500  	3973.12500	0.00000   
0.00000   	3973.12500	0.00000   
0.01500   	3973.12500	0.00000   
0.03000   	3973.12500	0.00000   
0.04500   	3973.12500	0.00000   
0.06000   	3973.12500	0.00000   
0.07500   	3973.12500	0.00000   
0.09000   	3973.12500	0.00000   
0.10500   	3973.12500	0.00000   
0.12000   	3973.12500	0.00000   
0.13500   	3973.12500	0.00000   
0.15000   	3973.12500	0.00000   
0.16500   	3973.12500	0.00000   
0.18000   	3973.12500	0.00000   
0.19500   	3973.12500	0.00000   
0.21000   	3973.12500	0.00000   
0.22500   	3973.12500	0.00000   
0.21000   	3973.12500	0.00000   
0.19500   	3973.12500	0.00000   
0.18000   	3973.12500	0.00000   
0.16500   	3973.12500	0.00000   
0.15000   	3973.12500	0.00000   
0.13500   	3973.12500	0.00000   
0.12000   	3973.12500	0.00000   
0.10500   	3973.12500	0.00000   
0.09000   	3973.12500	0.00000   
0.07500   	3973.12500	0.00000   
0.06000   	3973.12500	0.00000   
0.04500   	3973.12500	0.00000   
0.03000   	3973.12500	0.00000   
0.01500   	3973.12500	0.00000   
0.00000   	3973.12500	0.00000   
-0.01500  	3973.12500	0.00000   
-0.03000  	3973.12500	0.00000   
-0.04500  	3973.12500	0.00000   
-0.06000  	3973.12500	0.00000   
-0.07500  	3973.12500	0.00000   
-0.09000  	3973.12500	0.00000   
-0.10500  	3973.12500	0.00000   
-0.12000  	3973.12500	0.00000   
-0.13500  	3973.12500	0.00000   
-0.15000  	3973.12500	0.00000   
-0.16500  	3973.12500	0.00000   
-0.18000  	3973.12500	0.00000   
-0.19500  	3973.12500	0.00000   
-0.21000  	3973.12500	0.00000   
-0.22500  	3973.12500	0.00000   
-0.21000  	3973.12500	0.00000   
-0.19500  	3973.12500	0.00000   
-0.18000  	3973.12500	0.00000   
-0.16500  	3973.12500	0.00000   
-0.15000  	3973.12500	0.00000   
-0.13500  	3973.12500	0.00000   
-0.12000  	3973.12500	0.00000   
-0.10500  	3973.12500	0.00000   
-0.09000  	3973.12500	0.00000   
-0.07500  	3973.12500	0.00000   
-0.06000  	3973.12500	0.00000   
-0.04500  	3973.12500	0.00000   
-0.03000  	3973.12500	0.00000   
-0.01500  	3973.12500	0.00000   
0.00000   	3973.12500	0.00000   
0.02000   	3973.12500	0.00000   
0.04000   	3973.12500	0.00000   
0.06000   	3973.12500	0.00000   
0.08000   	3973.12500	0.00000   
0.10000   	3973.12500	0.00000   
0.12000   	3973.12500	0.00000   
0.14000   	3973.12500	0.00000   
0.16000   	3973.12500	0.00000   
0.18000   	3973.12500	0.00000   
0.20000   	3973.12500	0.00000   
0.22000   	3973.12500	0.00000   
0.24000   	3973.12500	0.00000   
0.26000   	3973.12500	0.00000   
0.28000   	3973.12500	0.00000   
0.30000   	3973.12500	0.00000   
0.28000   	3973.12500	0.00000   
0.26000   	3973.12500	0.00000   
0.24000   	3973.12500	0.00000   
0.22000   	3973.12500	0.00000   
0.20000   	3973.12500	0.00000   
0.18000   	3973.12500	0.00000   
0.16000   	3973.12500	0.00000   
0.14000   	3973.12500	0.00000   
0.12000   	3973.12500	0.00000   
0.10000   	3973.12500	0.00000   
0.08000   	3973.12500	0.00000   
0.06000   	3973.12500	0.00000   
0.04000   	3973.12500	0.00000   
0.02000   	3973.12500	0.00000   
0.00000   	3973.12500	0.00000   
-0.02000  	3973.12500	0.00000   
-0.04000  	3973.12500	0.00000   
-0.06000  	3973.12500	0.00000   
-0.08000  	3973.12500	0.00000   
-0.10000  	3973.12500	0.00000   
-0.12000  	3973.12500	0.00000   
-0.14000  	3973.12500	0.00000   
-0.16000  	3973.12500	0.00000   
-0.18000  	3973.12500	0.00000   
-0.20000  	3973.12500	0.00000   
-0.22000  	3973.12500	0.00000   
-0.24000  	3973.12500	0.00000   
-0.26000  	3973.12500	0.00000   
-0.28000  	3973.12500	0.00000   
-0.30000  	3973.12500	0.00000   
-0.28000  	3973.12500	0.00000   
-0.26000  	3973.12500	0.00000   
-0.24000  	3973.12500	0.00000   
-0.22000  	3973.12500	0.00000   
-0.20000  	3973.12500	0.00000   
-0.18000  	3973.12500	0.00000   
-0.16000  	3973.12500	0.00000   
-0.14000  	3973.12500	0.00000   
-0.12000  	3973.12500	0.00000   
-0.10000  	3973.12500	0.00000   
-0.08000  	3973.12500	0.00000   
-0.06000  	3973.12500	0.00000   
-0.04000  	3973.12500	0.00000   
-0.02000  	3973.12500	0.00000   
0.00000   	3973.12500	0.00000   
0.02000   	3973.12500	0.00000   
0.04000   	3973.12500	0.00000   
0.06000   	3973.12500	0.00000   
0.08000   	3973.12500	0.00000   
0.10000   	3973.12500	0.00000   
0.12000   	3973.12500	0.00000   
0.14000   	3973.12500	0.00000   
0.16000   	3973.12500	0.00000   
0.18000   	3973.12500	0.00000   
0.20000   	3973.12500	0.00000   
0.22000   	3973.12500	0.00000   
0.24000   	3973.12500	0.00000   
0.26000   	3973.12500	0.00000   
0.28000   	3973.12500	0.00000   
0.30000   	3973.12500	0.00000   
0.28000   	3973.12500	0.00000   
0.26000   	3973.12500	0.00000   
0.24000   	3973.12500	0.00000   
0.22000   	3973.12500	0.00000   
0.20000   	3973.12500	0.00000   
0.18000   	3973.12500	0.00000   
0.16000   	3973.12500	0.00000   
0.14000   	3973.12500	0.00000   
0.12000   	3973.12500	0.00000   
0.10000   	3973.12500	0.00000   
0.08000   	3973.12500	0.00000   
0.06000   	3973.12500	0.00000   
0.04000   	3973.12500	0.00000   
0.02000   	3973.12500	0.00000   
0.00000   	3973.12500	0.00000   
-0.02000  	3973.12500	0.00000   
-0.04000  	3973.12500	0.00000   
-0.06000  	3973.12500	0.00000   
-0.08000  	3973.12500	0.00000   
-0.10000  	3973.12500	0.00000   
-0.12000  	3973.12500	0.00000   
-0.14000  	3973.12500	0.00000   
-0.16000  	3973.12500	0.00000   
-0.18000  	3973.12500	0.00000   
-0.20000  	3973.12500	0.00000   
-0.22000  	3973.12500	0.00000   
-0.24000  	3973.12500	0.00000   
-0.26000  	3973.12500	0.00000   
-0.28000  	3973.12500	0.00000   
-0.30000  	3973.12500	0.00000   
-0.28000  	3973.12500	0.00000   
-0.26000  	3973.12500	0.00000   
-0.24000  	3973.12500	0.00000   
-0.22000  	3973.12500	0.00000   
-0.20000  	3973.12500	0.00000   
-0.18000  	3973.12500	0.00000   
-0.16000  	3973.12500	0.00000   
-0.14000  	3973.12500	0.00000   
-0.12000  	3973.12500	0.00000   
-0.10000  	3973.12500	0.00000   
-0.08000  	3973.12500	0.00000   
-0.06000  	3973.12500	0.00000   
-0.04000  	3973.12500	0.00000   
-0.02000  	3973.12500	0.00000   
0.00000   	3973.12500	0.00000   
0.03000   	3973.12500	0.00000   
0.06000   	3973.12500	0.00000   
0.09000   	3973.12500	0.00000   
0.12000   	3973.12500	0.00000   
0.15000   	3973.12500	0.00000   
0.18000   	3973.12500	0.00000   
0.21000   	3973.12500	0.00000   
0.24000   	3973.12500	0.00000   
0.27000   	3973.12500	0.00000   
0.30000   	3973.12500	0.00000   
0.33000   	3973.12500	0.00000   
0.36000   	3973.12500	0.00000   
0.39000   	3973.12500	0.00000   
0.42000   	3973.12500	0.00000   
0.45000   	3973.12500	0.00000   
0.42000   	3973.12500	0.00000   
0.39000   	3973.12500	0.00000   
0.36000   	3973.12500	0.00000   
0.33000   	3973.12500	0.00000   
0.30000   	3973.12500	0.00000   
0.27000   	3973.12500	0.00000   
0.24000   	3973.12500	0.00000   
0.21000   	3973.12500	0.00000   
0.18000   	3973.12500	0.00000   
0.15000   	3973.12500	0.00000   
0.12000   	3973.12500	0.00000   
0.09000   	3973.12500	0.00000   
0.06000   	3973.12500	0.00000   
0.03000   	3973.12500	0.00000   
0.00000   	3973.12500	0.00000   
-0.03000  	3973.12500	0.00000   
-0.06000  	3973.12500	0.00000   
-0.09000  	3973.12500	0.00000   
-0.12000  	3973.12500	0.00000   
-0.15000  	3973.12500	0.00000   
-0.18000  	3973.12500	0.00000   
-0.21000  	3973.12500	0.00000   
-0.24000  	3973.12500	0.00000   
-0.27000  	3973.12500	0.00000   
-0.30000  	3973.12500	0.00000   
-0.33000  	3973.12500	0.00000   
-0.36000  	3973.12500	0.00000   
-0.39000  	3973.12500	0.00000   
-0.42000  	3973.12500	0.00000   
-0.45000  	3973.12500	0.00000   
-0.42000  	3973.12500	0.00000   
-0.39000  	3973.12500	0.00000   
-0.36000  	3973.12500	0.00000   
-0.33000  	3973.12500	0.00000   
-0.30000  	3973.12500	0.00000   
-0.27000  	3973.12500	0.00000   
-0.24000  	3973.12500	0.00000   
-0.21000  	3973.12500	0.00000   
-0.18000  	3973.12500	0.00000   
-0.15000  	3973.12500	0.00000   
-0.12000  	3973.12500	0.00000   
-0.09000  	3973.12500	0.00000   
-0.06000  	3973.12500	0.00000   
-0.03000  	3973.12500	0.00000   
0.00000   	3973.12500	0.00000   
0.03000   	3973.12500	0.00000   
0.06000   	3973.12500	0.00000   
0.09000   	3973.12500	0.00000   
0.12000   	3973.12500	0.00000   
0.15000   	3973.12500	0.00000   
0.18000   	3973.12500	0.00000   
0.21000   	3973.12500	0.00000   
0.24000   	3973.12500	0.00000   
0.27000   	3973.12500	0.00000   
0.30000   	3973.12500	0.00000   
0.33000   	3973.12500	0.00000   
0.36000   	3973.12500	0.00000   
0.39000   	3973.12500	0.00000   
0.42000   	3973.12500	0.00000   
0.45000   	3973.12500	0.00000   
0.42000   	3973.12500	0.00000   
0.39000   	3973.12500	0.00000   
0.36000   	3973.12500	0.00000   
0.33000   	3973.12500	0.00000   
0.30000   	3973.12500	0.00000   
0.27000   	3973.12500	0.00000   
0.24000   	3973.12500	0.00000   
0.21000   	3973.12500	0.00000   
0.18000   	3973.12500	0.00000   
0.15000   	3973.12500	0.00000   
0.12000   	3973.12500	0.00000   
0.09000   	3973.12500	0.00000   
0.06000   	3973.12500	0.00000   
0.03000   	3973.12500	0.00000   
0.00000   	3973.12500	0.00000   
-0.03000  	3973.12500	0.00000   
-0.06000  	3973.12500	0.00000   
-0.09000  	3973.12500	0.00000   
-0.12000  	3973.12500	0.00000   
-0.15000  	3973.12500	0.00000   
-0.18000  	3973.12500	0.00000   
-0.21000  	3973.12500	0.00000   
-0.24000  	3973.12500	0.00000   
-0.27000  	3973.12500	0.00000   
-0.30000  	3973.12500	0.00000   
-0.33000  	3973.12500	0.00000   
-0.36000  	3973.12500	0.00000   
-0.39000  	3973.12500	0.00000   
-0.42000  	3973.12500	0.00000   
-0.45000  	3973.12500	0.00000   
-0.42000  	3973.12500	0.00000   
-0.39000  	3973.12500	0.00000   
-0.36000  	3973.12500	0.00000   
-0.33000  	3973.12500	0.00000   
-0.30000  	3973.12500	0.00000   
-0.27000  	3973.12500	0.00000   
-0.24000  	3973.12500	0.00000   
-0.21000  	3973.12500	0.00000   
-0.18000  	3973.12500	0.00000   
-0.15000  	3973.12500	0.00000   
-0.12000  	3973.12500	0.00000   
-0.09000  	3973.12500	0.00000   
-0.06000  	3973.12500	0.00000   
-0.03000  	3973.12500	0.00000   
0.00000   	3973.12500	0.00000   
0.04000   	3973.12500	0.00000   
0.08000   	3973.12500	0.00000   
0.12000   	3973.12500	0.00000   
0.16000   	3973.12500	0.00000   
0.20000   	3973.12500	0.00000   
0.24000   	3973.12500	0.00000   
0.28000   	3973.12500	0.00000   
0.32000   	3973.12500	0.00000   
0.36000   	3973.12500	0.00000   
0.40000   	3973.12500	0.00000   
0.44000   	3973.12500	0.00000   
0.48000   	3973.12500	0.00000   
0.52000   	3973.12500	0.00000   
0.56000   	3973.12500	0.00000   
0.60000   	3973.12500	0.00000   
0.56000   	3973.12500	0.00000   
0.52000   	3973.12500	0.00000   
0.48000   	3973.12500	0.00000   
0.44000   	3973.12500	0.00000   
0.40000   	3973.12500	0.00000   
0.36000   	3973.12500	0.00000   
0.32000   	3973.12500	0.00000   
0.28000   	3973.12500	0.00000   
0.24000   	3973.12500	0.00000   
0.20000   	3973.12500	0.00000   
0.16000   	3973.12500	0.00000   
0.12000   	3973.12500	0.00000   
0.08000   	3973.12500	0.00000   
0.04000   	3973.12500	0.00000   
0.00000   	3973.12500	0.00000   
-0.04000  	3973.12500	0.00000   
-0.08000  	3973.12500	0.00000   
-0.12000  	3973.12500	0.00000   
-0.16000  	3973.12500	0.00000   
-0.20000  	3973.12500	0.00000   
-0.24000  	3973.12500	0.00000   
-0.28000  	3973.12500	0.00000   
-0.32000  	3973.12500	0.00000   
-0.36000  	3973.12500	0.00000   
-0.40000  	3973.12500	0.00000   
-0.44000  	3973.12500	0.00000   
-0.48000  	3973.12500	0.00000   
-0.52000  	3973.12500	0.00000   
-0.56000  	3973.12500	0.00000   
-0.60000  	3973.12500	0.00000   
-0.56000  	3973.12500	0.00000   
-0.52000  	3973.12500	0.00000   
-0.48000  	3973.12500	0.00000   
-0.44000  	3973.12500	0.00000   
-0.40000  	3973.12500	0.00000   
-0.36000  	3973.12500	0.00000   
-0.32000  	3973.12500	0.00000   
-0.28000  	3973.12500	0.00000   
-0.24000  	3973.12500	0.00000   
-0.20000  	3973.12500	0.00000   
-0.16000  	3973.12500	0.00000   
-0.12000  	3973.12500	0.00000   
-0.08000  	3973.12500	0.00000   
-0.04000  	3973.12500	0.00000   
0.00000   	3973.12500	0.00000   
0.04000   	3973.12500	0.00000   
0.08000   	3973.12500	0.00000   
0.12000   	3973.12500	0.00000   
0.16000   	3973.12500	0.00000   
0.20000   	3973.12500	0.00000   
0.24000   	3973.12500	0.00000   
0.28000   	3973.12500	0.00000   
0.32000   	3973.12500	0.00000   
0.36000   	3973.12500	0.00000   
0.40000   	3973.12500	0.00000   
0.44000   	3973.12500	0.00000   
0.48000   	3973.12500	0.00000   
0.52000   	3973.12500	0.00000   
0.56000   	3973.12500	0.00000   
0.60000   	3973.12500	0.00000   
0.56000   	3973.12500	0.00000   
0.52000   	3973.12500	0.00000   
0.48000   	3973.12500	0.00000   
0.44000   	3973.12500	0.00000   
0.40000   	3973.12500	0.00000   
0.36000   	3973.12500	0.00000   
0.32000   	3973.12500	0.00000   
0.28000   	3973.12500	0.00000   
0.24000   	3973.12500	0.00000   
0.20000   	3973.12500	0.00000   
0.16000   	3973.12500	0.00000   
0.12000   	3973.12500	0.00000   
0.08000   	3973.12500	0.00000   
0.04000   	3973.12500	0.00000   
0.00000   	3973.12500	0.00000   
-0.04000  	3973.12500	0.00000   
-0.08000  	3973.12500	0.00000   
-0.12000  	3973.12500	0.00000   
-0.16000  	3973.12500	0.00000   
-0.20000  	3973.12500	0.00000   
-0.24000  	3973.12500	0.00000   
-0.28000  	3973.12500	0.00000   
-0.32000  	3973.12500	0.00000   
-0.36000  	3973.12500	0.00000   
-0.40000  	3973.12500	0.00000   
-0.44000  	3973.12500	0.00000   
-0.48000  	3973.12500	0.00000   
-0.52000  	3973.12500	0.00000   
-0.56000  	3973.12500	0.00000   
-0.60000  	3973.12500	0.00000   
-0.56000  	3973.12500	0.00000   
-0.52000  	3973.12500	0.00000   
-0.48000  	3973.12500	0.00000   
-0.44000  	3973.12500	0.00000   
-0.40000  	3973.12500	0.00000   
-0.36000  	3973.12500	0.00000   
-0.32000  	3973.12500	0.00000   
-0.28000  	3973.12500	0.00000   
-0.24000  	3973.12500	0.00000   
-0.20000  	3973.12500	0.00000   
-0.16000  	3973.12500	0.00000   
-0.12000  	3973.12500	0.00000   
-0.08000  	3973.12500	0.00000   
-0.04000  	3973.12500	0.00000   
0.00000   	3973.12500	0.00000   
0.05000   	3973.12500	0.00000   
0.10000   	3973.12500	0.00000   
0.15000   	3973.12500	0.00000   
0.20000   	3973.12500	0.00000   
0.25000   	3973.12500	0.00000   
0.30000   	3973.12500	0.00000   
0.35000   	3973.12500	0.00000   
0.40000   	3973.12500	0.00000   
0.45000   	3973.12500	0.00000   
0.50000   	3973.12500	0.00000   
0.55000   	3973.12500	0.00000   
0.60000   	3973.12500	0.00000   
0.65000   	3973.12500	0.00000   
0.70000   	3973.12500	0.00000   
0.75000   	3973.12500	0.00000   
0.70000   	3973.12500	0.00000   
0.65000   	3973.12500	0.00000   
0.60000   	3973.12500	0.00000   
0.55000   	3973.12500	0.00000   
0.50000   	3973.12500	0.00000   
0.45000   	3973.12500	0.00000   
0.40000   	3973.12500	0.00000   
0.35000   	3973.12500	0.00000   
0.30000   	3973.12500	0.00000   
0.25000   	3973.12500	0.00000   
0.20000   	3973.12500	0.00000   
0.15000   	3973.12500	0.00000   
0.10000   	3973.12500	0.00000   
0.05000   	3973.12500	0.00000   
0.00000   	3973.12500	0.00000   
-0.05000  	3973.12500	0.00000   
-0.10000  	3973.12500	0.00000   
-0.15000  	3973.12500	0.00000   
-0.20000  	3973.12500	0.00000   
-0.25000  	3973.12500	0.00000   
-0.30000  	3973.12500	0.00000   
-0.35000  	3973.12500	0.00000   
-0.40000  	3973.12500	0.00000   
-0.45000  	3973.12500	0.00000   
-0.50000  	3973.12500	0.00000   
-0.55000  	3973.12500	0.00000   
-0.60000  	3973.12500	0.00000   
-0.65000  	3973.12500	0.00000   
-0.70000  	3973.12500	0.00000   
-0.75000  	3973.12500	0.00000   
-0.70000  	3973.12500	0.00000   
-0.65000  	3973.12500	0.00000   
-0.60000  	3973.12500	0.00000   
-0.55000  	3973.12500	0.00000   
-0.50000  	3973.12500	0.00000   
-0.45000  	3973.12500	0.00000   
-0.40000  	3973.12500	0.00000   
-0.35000  	3973.12500	0.00000   
-0.30000  	3973.12500	0.00000   
-0.25000  	3973.12500	0.00000   
-0.20000  	3973.12500	0.00000   
-0.15000  	3973.12500	0.00000   
-0.10000  	3973.12500	0.00000   
-0.05000  	3973.12500	0.00000   
0.00000   	3973.12500	0.00000   
0.05000   	3973.12500	0.00000   
0.10000   	3973.12500	0.00000   
0.15000   	3973.12500	0.00000   
0.20000   	3973.12500	0.00000   
0.25000   	3973.12500	0.00000   
0.30000   	3973.12500	0.00000   
0.35000   	3973.12500	0.00000   
0.40000   	3973.12500	0.00000   
0.45000   	3973.12500	0.00000   
0.50000   	3973.12500	0.00000   
0.55000   	3973.12500	0.00000   
0.60000   	3973.12500	0.00000   
0.65000   	3973.12500	0.00000   
0.70000   	3973.12500	0.00000   
0.75000   	3973.12500	0.00000   
0.70000   	3973.12500	0.00000   
0.65000   	3973.12500	0.00000   
0.60000   	3973.12500	0.00000   
0.55000   	3973.12500	0.00000   
0.50000   	3973.12500	0.00000   
0.45000   	3973.12500	0.00000   
0.40000   	3973.12500	0.00000   
0.35000   	3973.12500	0.00000   
0.30000   	3973.12500	0.00000   
0.25000   	3973.12500	0.00000   
0.20000   	3973.12500	0.00000   
0.15000   	3973.12500	0.00000   
0.10000   	3973.12500	0.00000   
0.05000   	3973.12500	0.00000   
0.00000   	3973.12500	0.00000   
-0.05000  	3973.12500	0.00000   
-0.10000  	3973.12500	0.00000   
-0.15000  	3973.12500	0.00000   
-0.20000  	3973.12500	0.00000   
-0.25000  	3973.12500	0.00000   
-0.30000  	3973.12500	0.00000   
-0.35000  	3973.12500	0.00000   
-0.40000  	3973.12500	0.00000   
-0.45000  	3973.12500	0.00000   
-0.50000  	3973.12500	0.00000   
-0.55000  	3973.12500	0.00000   
-0.60000  	3973.12500	0.00000   
-0.65000  	3973.12500	0.00000   
-0.70000  	3973.12500	0.00000   
-0.75000  	3973.12500	0.00000   
-0.70000  	3973.12500	0.00000   
-0.65000  	3973.12500	0.00000   
-0.60000  	3973.12500	0.00000   
-0.55000  	3973.12500	0.00000   
-0.50000  	3973.12500	0.00000   
-0.45000  	3973.12500	0.00000   
-0.40000  	3973.12500	0.00000   
-0.35000  	3973.12500	0.00000   
-0.30000  	3973.12500	0.00000   
-0.25000  	3973.12500	0.00000   
-0.20000  	3973.12500	0.00000   
-0.15000  	3973.12500	0.00000   
-0.10000  	3973.12500	0.00000   
-0.05000  	3973.12500	0.00000   
0.00000   	3973.12500	0.00000   
0.06000   	3973.12500	0.00000   
0.12000   	3973.12500	0.00000   
0.18000   	3973.12500	0.00000   
0.24000   	3973.12500	0.00000   
0.30000   	3973.12500	0.00000   
0.36000   	3973.12500	0.00000   
0.42000   	3973.12500	0.00000   
0.48000   	3973.12500	0.00000   
0.54000   	3973.12500	0.00000   
0.60000   	3973.12500	0.00000   
0.66000   	3973.12500	0.00000   
0.72000   	3973.12500	0.00000   
0.78000   	3973.12500	0.00000   
0.84000   	3973.12500	0.00000   
0.90000   	3973.12500	0.00000   
0.84000   	3973.12500	0.00000   
0.78000   	3973.12500	0.00000   
0.72000   	3973.12500	0.00000   
0.66000   	3973.12500	0.00000   
0.60000   	3973.12500	0.00000   
0.54000   	3973.12500	0.00000   
0.48000   	3973.12500	0.00000   
0.42000   	3973.12500	0.00000   
0.36000   	3973.12500	0.00000   
0.30000   	3973.12500	0.00000   
0.24000   	3973.12500	0.00000   
0.18000   	3973.12500	0.00000   
0.12000   	3973.12500	0.00000   
0.06000   	3973.12500	0.00000   
0.00000   	3973.12500	0.00000   
-0.06000  	3973.12500	0.00000   
-0.12000  	3973.12500	0.00000   
-0.18000  	3973.12500	0.00000   
-0.24000  	3973.12500	0.00000   
-0.30000  	3973.12500	0.00000   
-0.36000  	3973.12500	0.00000   
-0.42000  	3973.12500	0.00000   
-0.48000  	3973.12500	0.00000   
-0.54000  	3973.12500	0.00000   
-0.60000  	3973.12500	0.00000   
-0.66000  	3973.12500	0.00000   
-0.72000  	3973.12500	0.00000   
-0.78000  	3973.12500	0.00000   
-0.84000  	3973.12500	0.00000   
-0.90000  	3973.12500	0.00000   
-0.84000  	3973.12500	0.00000   
-0.78000  	3973.12500	0.00000   
-0.72000  	3973.12500	0.00000   
-0.66000  	3973.12500	0.00000   
-0.60000  	3973.12500	0.00000   
-0.54000  	3973.12500	0.00000   
-0.48000  	3973.12500	0.00000   
-0.42000  	3973.12500	0.00000   
-0.36000  	3973.12500	0.00000   
-0.30000  	3973.12500	0.00000   
-0.24000  	3973.12500	0.00000   
-0.18000  	3973.12500	0.00000   
-0.12000  	3973.12500	0.00000   
-0.06000  	3973.12500	0.00000   
0.00000   	3973.12500	0.00000   
0.06000   	3973.12500	0.00000   
0.12000   	3973.12500	0.00000   
0.18000   	3973.12500	0.00000   
0.24000   	3973.12500	0.00000   
0.30000   	3973.12500	0.00000   
0.36000   	3973.12500	0.00000   
0.42000   	3973.12500	0.00000   
0.48000   	3973.12500	0.00000   
0.54000   	3973.12500	0.00000   
0.60000   	3973.12500	0.00000   
0.66000   	3973.12500	0.00000   
0.72000   	3973.12500	0.00000   
0.78000   	3973.12500	0.00000   
0.84000   	3973.12500	0.00000   
0.90000   	3973.12500	0.00000   
0.84000   	3973.12500	0.00000   
0.78000   	3973.12500	0.00000   
0.72000   	3973.12500	0.00000   
0.66000   	3973.12500	0.00000   
0.60000   	3973.12500	0.00000   
0.54000   	3973.12500	0.00000   
0.48000   	3973.12500	0.00000   
0.42000   	3973.12500	0.00000   
0.36000   	3973.12500	0.00000   
0.30000   	3973.12500	0.00000   
0.24000   	3973.12500	0.00000   
0.18000   	3973.12500	0.00000   
0.12000   	3973.12500	0.00000   
0.06000   	3973.12500	0.00000   
0.00000   	3973.12500	0.00000   
-0.06000  	3973.12500	0.00000   
-0.12000  	3973.12500	0.00000   
-0.18000  	3973.12500	0.00000   
-0.24000  	3973.12500	0.00000   
-0.30000  	3973.12500	0.00000   
-0.36000  	3973.12500	0.00000   
-0.42000  	3973.12500	0.00000   
-0.48000  	3973.12500	0.00000   
-0.54000  	3973.12500	0.00000   
-0.60000  	3973.12500	0.00000   
-0.66000  	3973.12500	0.00000   
-0.72000  	3973.12500	0.00000   
-0.78000  	3973.12500	0.00000   
-0.84000  	3973.12500	0.00000   
-0.90000  	3973.12500	0.00000   
-0.84000  	3973.12500	0.00000   
-0.78000  	3973.12500	0.00000   
-0.72000  	3973.12500	0.00000   
-0.66000  	3973.12500	0.00000   
-0.60000  	3973.12500	0.00000   
-0.54000  	3973.12500	0.00000   
-0.48000  	3973.12500	0.00000   
-0.42000  	3973.12500	0.00000   
-0.36000  	3973.12500	0.00000   
-0.30000  	3973.12500	0.00000   
-0.24000  	3973.12500	0.00000   
-0.18000  	3973.12500	0.00000   
-0.12000  	3973.12500	0.00000   
-0.06000  	3973.12500	0.00000   
0.00000   	3973.12500	0.00000   
0.07000   	3973.12500	0.00000   
0.14000   	3973.12500	0.00000   
0.21000   	3973.12500	0.00000   
0.28000   	3973.12500	0.00000   
0.35000   	3973.12500	0.00000   
0.42000   	3973.12500	0.00000   
0.49000   	3973.12500	0.00000   
0.56000   	3973.12500	0.00000   
0.63000   	3973.12500	0.00000   
0.70000   	3973.12500	0.00000   
0.77000   	3973.12500	0.00000   
0.84000   	3973.12500	0.00000   
0.91000   	3973.12500	0.00000   
0.98000   	3973.12500	0.00000   
1.05000   	3973.12500	0.00000   
0.98000   	3973.12500	0.00000   
0.91000   	3973.12500	0.00000   
0.84000   	3973.12500	0.00000   
0.77000   	3973.12500	0.00000   
0.70000   	3973.12500	0.00000   
0.63000   	3973.12500	0.00000   
0.56000   	3973.12500	0.00000   
0.49000   	3973.12500	0.00000   
0.42000   	3973.12500	0.00000   
0.35000   	3973.12500	0.00000   
0.28000   	3973.12500	0.00000   
0.21000   	3973.12500	0.00000   
0.14000   	3973.12500	0.00000   
0.07000   	3973.12500	0.00000   
0.00000   	3973.12500	0.00000   
-0.07000  	3973.12500	0.00000   
-0.14000  	3973.12500	0.00000   
-0.21000  	3973.12500	0.00000   
-0.28000  	3973.12500	0.00000   
-0.35000  	3973.12500	0.00000   
-0.42000  	3973.12500	0.00000   
-0.49000  	3973.12500	0.00000   
-0.56000  	3973.12500	0.00000   
-0.63000  	3973.12500	0.00000   
-0.70000  	3973.12500	0.00000   
-0.77000  	3973.12500	0.00000   
-0.84000  	3973.12500	0.00000   
-0.91000  	3973.12500	0.00000   
-0.98000  	3973.12500	0.00000   
-1.05000  	3973.12500	0.00000   
-0.98000  	3973.12500	0.00000   
-0.91000  	3973.12500	0.00000   
-0.84000  	3973.12500	0.00000   
-0.77000  	3973.12500	0.00000   
-0.70000  	3973.12500	0.00000   
-0.63000  	3973.12500	0.00000   
-0.56000  	3973.12500	0.00000   
-0.49000  	3973.12500	0.00000   
-0.42000  	3973.12500	0.00000   
-0.35000  	3973.12500	0.00000   
-0.28000  	3973.12500	0.00000   
-0.21000  	3973.12500	0.00000   
-0.14000  	3973.12500	0.00000   
-0.07000  	3973.12500	0.00000   
0.00000   	3973.12500	0.00000   
0.07000   	3973.12500	0.00000   
0.14000   	3973.12500	0.00000   
0.21000   	3973.12500	0.00000   
0.28000   	3973.12500	0.00000   
0.35000   	3973.12500	0.00000   
0.42000   	3973.12500	0.00000   
0.49000   	3973.12500	0.00000   
0.56000   	3973.12500	0.00000   
0.63000   	3973.12500	0.00000   
0.70000   	3973.12500	0.00000   
0.77000   	3973.12500	0.00000   
0.84000   	3973.12500	0.00000   
0.91000   	3973.12500	0.00000   
0.98000   	3973.12500	0.00000   
1.05000   	3973.12500	0.00000   
0.98000   	3973.12500	0.00000   
0.91000   	3973.12500	0.00000   
0.84000   	3973.12500	0.00000   
0.77000   	3973.12500	0.00000   
0.70000   	3973.12500	0.00000   
0.63000   	3973.12500	0.00000   
0.56000   	3973.12500	0.00000   
0.49000   	3973.12500	0.00000   
0.42000   	3973.12500	0.00000   
0.35000   	3973.12500	0.00000   
0.28000   	3973.12500	0.00000   
0.21000   	3973.12500	0.00000   
0.14000   	3973.12500	0.00000   
0.07000   	3973.12500	0.00000   
0.00000   	3973.12500	0.00000   
-0.07000  	3973.12500	0.00000   
-0.14000  	3973.12500	0.00000   
-0.21000  	3973.12500	0.00000   
-0.28000  	3973.12500	0.00000   
-0.35000  	3973.12500	0.00000   
-0.42000  	3973.12500	0.00000   
-0.49000  	3973.12500	0.00000   
-0.56000  	3973.12500	0.00000   
-0.63000  	3973.12500	0.00000   
-0.70000  	3973.12500	0.00000   
-0.77000  	3973.12500	0.00000   
-0.84000  	3973.12500	0.00000   
-0.91000  	3973.12500	0.00000   
-0.98000  	3973.12500	0.00000   
-1.05000  	3973.12500	0.00000   
-0.98000  	3973.12500	0.00000   
-0.91000  	3973.12500	0.00000   
-0.84000  	3973.12500	0.00000   
-0.77000  	3973.12500	0.00000   
-0.70000  	3973.12500	0.00000   
-0.63000  	3973.12500	0.00000   
-0.56000  	3973.12500	0.00000   
-0.49000  	3973.12500	0.00000   
-0.42000  	3973.12500	0.00000   
-0.35000  	3973.12500	0.00000   
-0.28000  	3973.12500	0.00000   
-0.21000  	3973.12500	0.00000   
-0.14000  	3973.12500	0.00000   
-0.07000  	3973.12500	0.00000   
0.00000   	3973.12500	0.00000   
0.08000   	3973.12500	0.00000   
0.16000   	3973.12500	0.00000   
0.24000   	3973.12500	0.00000   
0.32000   	3973.12500	0.00000   
0.40000   	3973.12500	0.00000   
0.48000   	3973.12500	0.00000   
0.56000   	3973.12500	0.00000   
0.64000   	3973.12500	0.00000   
0.72000   	3973.12500	0.00000   
0.80000   	3973.12500	0.00000   
0.88000   	3973.12500	0.00000   
0.96000   	3973.12500	0.00000   
1.04000   	3973.12500	0.00000   
1.12000   	3973.12500	0.00000   
1.20000   	3973.12500	0.00000   
1.12000   	3973.12500	0.00000   
1.04000   	3973.12500	0.00000   
0.96000   	3973.12500	0.00000   
0.88000   	3973.12500	0.00000   
0.80000   	3973.12500	0.00000   
0.72000   	3973.12500	0.00000   
0.64000   	3973.12500	0.00000   
0.56000   	3973.12500	0.00000   
0.48000   	3973.12500	0.00000   
0.40000   	3973.12500	0.00000   
0.32000   	3973.12500	0.00000   
0.24000   	3973.12500	0.00000   
0.16000   	3973.12500	0.00000   
0.08000   	3973.12500	0.00000   
0.00000   	3973.12500	0.00000   
-0.08000  	3973.12500	0.00000   
-0.16000  	3973.12500	0.00000   
-0.24000  	3973.12500	0.00000   
-0.32000  	3973.12500	0.00000   
-0.40000  	3973.12500	0.00000   
-0.48000  	3973.12500	0.00000   
-0.56000  	3973.12500	0.00000   
-0.64000  	3973.12500	0.00000   
-0.72000  	3973.12500	0.00000   
-0.80000  	3973.12500	0.00000   
-0.88000  	3973.12500	0.00000   
-0.96000  	3973.12500	0.00000   
-1.04000  	3973.12500	0.00000   
-1.12000  	3973.12500	0.00000   
-1.20000  	3973.12500	0.00000   
-1.12000  	3973.12500	0.00000   
-1.04000  	3973.12500	0.00000   
-0.96000  	3973.12500	0.00000   
-0.88000  	3973.12500	0.00000   
-0.80000  	3973.12500	0.00000   
-0.72000  	3973.12500	0.00000   
-0.64000  	3973.12500	0.00000   
-0.56000  	3973.12500	0.00000   
-0.48000  	3973.12500	0.00000   
-0.40000  	3973.12500	0.00000   
-0.32000  	3973.12500	0.00000   
-0.24000  	3973.12500	0.00000   
-0.16000  	3973.12500	0.00000   
-0.08000  	3973.12500	0.00000   
0.00000   	3973.12500	0.00000   
0.08000   	3973.12500	0.00000   
0.16000   	3973.12500	0.00000   
0.24000   	3973.12500	0.00000   
0.32000   	3973.12500	0.00000   
0.40000   	3973.12500	0.00000   
0.48000   	3973.12500	0.00000   
0.56000   	3973.12500	0.00000   
0.64000   	3973.12500	0.00000   
0.72000   	3973.12500	0.00000   
0.80000   	3973.12500	0.00000   
0.88000   	3973.12500	0.00000   
0.96000   	3973.12500	0.00000   
1.04000   	3973.12500	0.00000   
1.12000   	3973.12500	0.00000   
1.20000   	3973.12500	0.00000   
1.12000   	3973.12500	0.00000   
1.04000   	3973.12500	0.00000   
0.96000   	3973.12500	0.00000   
0.88000   	3973.12500	0.00000   
0.80000   	3973.12500	0.00000   
0.72000   	3973.12500	0.00000   
0.64000   	3973.12500	0.00000   
0.56000   	3973.12500	0.00000   
0.48000   	3973.12500	0.00000   
0.40000   	3973.12500	0.00000   
0.32000   	3973.12500	0.00000   
0.24000   	3973.12500	0.00000   
0.16000   	3973.12500	0.00000   
0.08000   	3973.12500	0.00000   
0.00000   	3973.12500	0.00000   
-0.08000  	3973.12500	0.00000   
-0.16000  	3973.12500	0.00000   
-0.24000  	3973.12500	0.00000   
-0.32000  	3973.12500	0.00000   
-0.40000  	3973.12500	0.00000   
-0.48000  	3973.12500	0.00000   
-0.56000  	3973.12500	0.00000   
-0.64000  	3973.12500	0.00000   
-0.72000  	3973.12500	0.00000   
-0.80000  	3973.12500	0.00000   
-0.88000  	3973.12500	0.00000   
-0.96000  	3973.12500	0.00000   
-1.04000  	3973.12500	0.00000   
-1.12000  	3973.12500	0.00000   
-1.20000  	3973.12500	0.00000   
-1.12000  	3973.12500	0.00000   
-1.04000  	3973.12500	0.00000   
-0.96000  	3973.12500	0.00000   
-0.88000  	3973.12500	0.00000   
-0.80000  	3973.12500	0.00000   
-0.72000  	3973.12500	0.00000   
-0.64000  	3973.12500	0.00000   
-0.56000  	3973.12500	0.00000   
-0.48000  	3973.12500	0.00000   
-0.40000  	3973.12500	0.00000   
-0.32000  	3973.12500	0.00000   
-0.24000  	3973.12500	0.00000   
-0.16000  	3973.12500	0.00000   
-0.08000  	3973.12500	0.00000   
0.00000   	3973.12500	0.00000   
0.09000   	3973.12500	0.00000   
0.18000   	3973.12500	0.00000   
0.27000   	3973.12500	0.00000   
0.36000   	3973.12500	0.00000   
0.45000   	3973.12500	0.00000   
0.54000   	3973.12500	0.00000   
0.63000   	3973.12500	0.00000   
0.72000   	3973.12500	0.00000   
0.81000   	3973.12500	0.00000   
0.90000   	3973.12500	0.00000   
0.99000   	3973.12500	0.00000   
1.08000   	3973.12500	0.00000   
1.17000   	3973.12500	0.00000   
1.26000   	3973.12500	0.00000   
1.35000   	3973.12500	0.00000   
1.26000   	3973.12500	0.00000   
1.17000   	3973.12500	0.00000   
1.08000   	3973.12500	0.00000   
0.99000   	3973.12500	0.00000   
0.90000   	3973.12500	0.00000   
0.81000   	3973.12500	0.00000   
0.72000   	3973.12500	0.00000   
0.63000   	3973.12500	0.00000   
0.54000   	3973.12500	0.00000   
0.45000   	3973.12500	0.00000   
0.36000   	3973.12500	0.00000   
0.27000   	3973.12500	0.00000   
0.18000   	3973.12500	0.00000   
0.09000   	3973.12500	0.00000   
0.00000   	3973.12500	0.00000   
-0.09000  	3973.12500	0.00000   
-0.18000  	3973.12500	0.00000   
-0.27000  	3973.12500	0.00000   
-0.36000  	3973.12500	0.00000   
-0.45000  	3973.12500	0.00000   
-0.54000  	3973.12500	0.00000   
-0.63000  	3973.12500	0.00000   
-0.72000  	3973.12500	0.00000   
-0.81000  	3973.12500	0.00000   
-0.90000  	3973.12500	0.00000   
-0.99000  	3973.12500	0.00000   
-1.08000  	3973.12500	0.00000   
-1.17000  	3973.12500	0.00000   
-1.26000  	3973.12500	0.00000   
-1.35000  	3973.12500	0.00000   
-1.26000  	3973.12500	0.00000   
-1.17000  	3973.12500	0.00000   
-1.08000  	3973.12500	0.00000   
-0.99000  	3973.12500	0.00000   
-0.90000  	3973.12500	0.00000   
-0.81000  	3973.12500	0.00000   
-0.72000  	3973.12500	0.00000   
-0.63000  	3973.12500	0.00000   
-0.54000  	3973.12500	0.00000   
-0.45000  	3973.12500	0.00000   
-0.36000  	3973.12500	0.00000   
-0.27000  	3973.12500	0.00000   
-0.18000  	3973.12500	0.00000   
-0.09000  	3973.12500	0.00000   
0.00000   	3973.12500	0.00000   
0.09000   	3973.12500	0.00000   
0.18000   	3973.12500	0.00000   
0.27000   	3973.12500	0.00000   
0.36000   	3973.12500	0.00000   
0.45000   	3973.12500	0.00000   
0.54000   	3973.12500	0.00000   
0.63000   	3973.12500	0.00000   
0.72000   	3973.12500	0.00000   
0.81000   	3973.12500	0.00000   
0.90000   	3973.12500	0.00000   
0.99000   	3973.12500	0.00000   
1.08000   	3973.12500	0.00000   
1.17000   	3973.12500	0.00000   
1.26000   	3973.12500	0.00000   
1.35000   	3973.12500	0.00000   
1.26000   	3973.12500	0.00000   
1.17000   	3973.12500	0.00000   
1.08000   	3973.12500	0.00000   
0.99000   	3973.12500	0.00000   
0.90000   	3973.12500	0.00000   
0.81000   	3973.12500	0.00000   
0.72000   	3973.12500	0.00000   
0.63000   	3973.12500	0.00000   
0.54000   	3973.12500	0.00000   
0.45000   	3973.12500	0.00000   
0.36000   	3973.12500	0.00000   
0.27000   	3973.12500	0.00000   
0.18000   	3973.12500	0.00000   
0.09000   	3973.12500	0.00000   
0.00000   	3973.12500	0.00000   
-0.09000  	3973.12500	0.00000   
-0.18000  	3973.12500	0.00000   
-0.27000  	3973.12500	0.00000   
-0.36000  	3973.12500	0.00000   
-0.45000  	3973.12500	0.00000   
-0.54000  	3973.12500	0.00000   
-0.63000  	3973.12500	0.00000   
-0.72000  	3973.12500	0.00000   
-0.81000  	3973.12500	0.00000   
-0.90000  	3973.12500	0.00000   
-0.99000  	3973.12500	0.00000   
-1.08000  	3973.12500	0.00000   
-1.17000  	3973.12500	0.00000   
-1.26000  	3973.12500	0.00000   
-1.35000  	3973.12500	0.00000   
-1.26000  	3973.12500	0.00000   
-1.17000  	3973.12500	0.00000   
-1.08000  	3973.12500	0.00000   
-0.99000  	3973.12500	0.00000   
-0.90000  	3973.12500	0.00000   
-0.81000  	3973.12500	0.00000   
-0.72000  	3973.12500	0.00000   
-0.63000  	3973.12500	0.00000   
-0.54000  	3973.12500	0.00000   
-0.45000  	3973.12500	0.00000   
-0.36000  	3973.12500	0.00000   
-0.27000  	3973.12500	0.00000   
-0.18000  	3973.12500	0.00000   
-0.09000  	3973.12500	0.00000   
0.00000   	3973.12500	0.00000   
0.10000   	3973.12500	0.00000   
0.20000   	3973.12500	0.00000   
0.30000   	3973.12500	0.00000   
0.40000   	3973.12500	0.00000   
0.50000   	3973.12500	0.00000   
0.60000   	3973.12500	0.00000   
0.70000   	3973.12500	0.00000   
0.80000   	3973.12500	0.00000   
0.90000   	3973.12500	0.00000   
1.00000   	3973.12500	0.00000   
1.10000   	3973.12500	0.00000   
1.20000   	3973.12500	0.00000   
1.30000   	3973.12500	0.00000   
1.40000   	3973.12500	0.00000   
1.50000   	3973.12500	0.00000   
1.40000   	3973.12500	0.00000   
1.30000   	3973.12500	0.00000   
1.20000   	3973.12500	0.00000   
1.10000   	3973.12500	0.00000   
1.00000   	3973.12500	0.00000   
0.90000   	3973.12500	0.00000   
0.80000   	3973.12500	0.00000   
0.70000   	3973.12500	0.00000   
0.60000   	3973.12500	0.00000   
0.50000   	3973.12500	0.00000   
0.40000   	3973.12500	0.00000   
0.30000   	3973.12500	0.00000   
0.20000   	3973.12500	0.00000   
0.10000   	3973.12500	0.00000   
0.00000   	3973.12500	0.00000   
-0.10000  	3973.12500	0.00000   
-0.20000  	3973.12500	0.00000   
-0.30000  	3973.12500	0.00000   
-0.40000  	3973.12500	0.00000   
-0.50000  	3973.12500	0.00000   
-0.60000  	3973.12500	0.00000   
-0.70000  	3973.12500	0.00000   
-0.80000  	3973.12500	0.00000   
-0.90000  	3973.12500	0.00000   
-1.00000  	3973.12500	0.00000   
-1.10000  	3973.12500	0.00000   
-1.20000  	3973.12500	0.00000   
-1.30000  	3973.12500	0.00000   
-1.40000  	3973.12500	0.00000   
-1.50000  	3973.12500	0.00000   
-1.40000  	3973.12500	0.00000   
-1.30000  	3973.12500	0.00000   
-1.20000  	3973.12500	0.00000   
-1.10000  	3973.12500	0.00000   
-1.00000  	3973.12500	0.00000   
-0.90000  	3973.12500	0.00000   
-0.80000  	3973.12500	0.00000   
-0.70000  	3973.12500	0.00000   
-0.60000  	3973.12500	0.00000   
-0.50000  	3973.12500	0.00000   
-0.40000  	3973.12500	0.00000   
-0.30000  	3973.12500	0.00000   
-0.20000  	3973.12500	0.00000   
-0.10000  	3973.12500	0.00000   
0.00000   	3973.12500	0.00000   
0.10000   	3973.12500	0.00000   
0.20000   	3973.12500	0.00000   
0.30000   	3973.12500	0.00000   
0.40000   	3973.12500	0.00000   
0.50000   	3973.12500	0.00000   
0.60000   	3973.12500	0.00000   
0.70000   	3973.12500	0.00000   
0.80000   	3973.12500	0.00000   
0.90000   	3973.12500	0.00000   
1.00000   	3973.12500	0.00000   
1.10000   	3973.12500	0.00000   
1.20000   	3973.12500	0.00000   
1.30000   	3973.12500	0.00000   
1.40000   	3973.12500	0.00000   
1.50000   	3973.12500	0.00000   
1.40000   	3973.12500	0.00000   
1.30000   	3973.12500	0.00000   
1.20000   	3973.12500	0.00000   
1.10000   	3973.12500	0.00000   
1.00000   	3973.12500	0.00000   
0.90000   	3973.12500	0.00000   
0.80000   	3973.12500	0.00000   
0.70000   	3973.12500	0.00000   
0.60000   	3973.12500	0.00000   
0.50000   	3973.12500	0.00000   
0.40000   	3973.12500	0.00000   
0.30000   	3973.12500	0.00000   
0.20000   	3973.12500	0.00000   
0.10000   	3973.12500	0.00000   
0.00000   	3973.12500	0.00000   
-0.10000  	3973.12500	0.00000   
-0.20000  	3973.12500	0.00000   
-0.30000  	3973.12500	0.00000   
-0.40000  	3973.12500	0.00000   
-0.50000  	3973.12500	0.00000   
-0.60000  	3973.12500	0.00000   
-0.70000  	3973.12500	0.00000   
-0.80000  	3973.12500	0.00000   
-0.90000  	3973.12500	0.00000   
-1.00000  	3973.12500	0.00000   
-1.10000  	3973.12500	0.00000   
-1.20000  	3973.12500	0.00000   
-1.30000  	3973.12500	0.00000   
-1.40000  	3973.12500	0.00000   
-1.50000  	3973.12500	0.00000   
-1.40000  	3973.12500	0.00000   
-1.30000  	3973.12500	0.00000   
-1.20000  	3973.12500	0.00000   
-1.10000  	3973.12500	0.00000   
-1.00000  	3973.12500	0.00000   
-0.90000  	3973.12500	0.00000   
-0.80000  	3973.12500	0.00000   
-0.70000  	3973.12500	0.00000   
-0.60000  	3973.12500	0.00000   
-0.50000  	3973.12500	0.00000   
-0.40000  	3973.12500	0.00000   
-0.30000  	3973.12500	0.00000   
-0.20000  	3973.12500	0.00000   
-0.10000  	3973.12500	0.00000   
0.00000   	3973.12500	0.00000   
