0	0
0.03	0
0.06	0
0.09	0
0.12	0
0.15	0
0.18	0
0.21	0
0.24	0
0.27	0
0.3	0
0.27	0
0.24	0
0.21	0
0.18	0
0.15	0
0.12	0
0.09	0
0.06	0
0.03	0
0	0
-0.03	0
-0.06	0
-0.09	0
-0.12	0
-0.15	0
-0.18	0
-0.21	0
-0.24	0
-0.27	0
-0.3	0
-0.27	0
-0.24	0
-0.21	0
-0.18	0
-0.15	0
-0.12	0
-0.09	0
-0.06	0
-0.03	0
0	0
0	0
0	0.06
0	0.12
0	0.18
0	0.24
0	0.3
0	0.36
0	0.42
0	0.48
0	0.54
0	0.6
0	0.54
0	0.48
0	0.42
0	0.36
0	0.3
0	0.24
0	0.18
0	0.12
0	0.06
0	0
0	-0.09
0	-0.18
0	-0.27
0	-0.36
0	-0.45
0	-0.54
0	-0.63
0	-0.72
0	-0.81
0	-0.9
0	-0.81
0	-0.72
0	-0.63
0	-0.54
0	-0.45
0	-0.36
0	-0.27
0	-0.18
0	-0.09
0	0
0	0
0.03	0
0.06	0
0.09	0
0.12	0
0.15	0
0.18	0
0.21	0
0.24	0
0.27	0
0.3	0
0.27	0
0.24	0
0.21	0
0.18	0
0.15	0
0.12	0
0.09	0
0.06	0
0.03	0
0	0
-0.03	0
-0.06	0
-0.09	0
-0.12	0
-0.15	0
-0.18	0
-0.21	0
-0.24	0
-0.27	0
-0.3	0
-0.27	0
-0.24	0
-0.21	0
-0.18	0
-0.15	0
-0.12	0
-0.09	0
-0.06	0
-0.03	0
0	0
0	0
0	0.06
0	0.12
0	0.18
0	0.24
0	0.3
0	0.36
0	0.42
0	0.48
0	0.54
0	0.6
0	0.54
0	0.48
0	0.42
0	0.36
0	0.3
0	0.24
0	0.18
0	0.12
0	0.06
0	0
0	-0.09
0	-0.18
0	-0.27
0	-0.36
0	-0.45
0	-0.54
0	-0.63
0	-0.72
0	-0.81
0	-0.9
0	-0.81
0	-0.72
0	-0.63
0	-0.54
0	-0.45
0	-0.36
0	-0.27
0	-0.18
0	-0.09
0	0