0.036	-1.584
0.072	-1.584
0.108	-1.584
0.144	-1.584
0.180	-1.584
0.216	-1.584
0.252	-1.584
0.288	-1.584
0.324	-1.584
0.360	-1.584
0.396	-1.584
0.432	-1.584
0.468	-1.584
0.504	-1.584
0.540	-1.584
0.576	-1.584
0.612	-1.584
0.648	-1.584
0.684	-1.584
0.720	-1.584
0.756	-1.584
0.792	-1.584
0.828	-1.584
0.864	-1.584
0.900	-1.584
0.936	-1.584
0.972	-1.584
1.008	-1.584
1.044	-1.584
1.080	-1.584
1.116	-1.584
1.152	-1.584
1.188	-1.584
1.224	-1.584
1.260	-1.584
1.296	-1.584
1.332	-1.584
1.368	-1.584
1.404	-1.584
1.440	-1.584
1.404	-1.584
1.368	-1.584
1.332	-1.584
1.296	-1.584
1.260	-1.584
1.224	-1.584
1.188	-1.584
1.152	-1.584
1.116	-1.584
1.080	-1.584
1.044	-1.584
1.008	-1.584
0.972	-1.584
0.936	-1.584
0.900	-1.584
0.864	-1.584
0.828	-1.584
0.792	-1.584
0.756	-1.584
0.720	-1.584
0.684	-1.584
0.648	-1.584
0.612	-1.584
0.576	-1.584
0.540	-1.584
0.504	-1.584
0.468	-1.584
0.432	-1.584
0.396	-1.584
0.360	-1.584
0.324	-1.584
0.288	-1.584
0.252	-1.584
0.216	-1.584
0.180	-1.584
0.144	-1.584
0.108	-1.584
0.072	-1.584
0.036	-1.584
0.000	-1.584
-0.036	-1.584
-0.072	-1.584
-0.108	-1.584
-0.144	-1.584
-0.180	-1.584
-0.216	-1.584
-0.252	-1.584
-0.288	-1.584
-0.324	-1.584
-0.360	-1.584
-0.396	-1.584
-0.432	-1.584
-0.468	-1.584
-0.504	-1.584
-0.540	-1.584
-0.576	-1.584
-0.612	-1.584
-0.648	-1.584
-0.684	-1.584
-0.720	-1.584
-0.756	-1.584
-0.792	-1.584
-0.828	-1.584
-0.864	-1.584
-0.900	-1.584
-0.936	-1.584
-0.972	-1.584
-1.008	-1.584
-1.044	-1.584
-1.080	-1.584
-1.116	-1.584
-1.152	-1.584
-1.188	-1.584
-1.224	-1.584
-1.260	-1.584
-1.296	-1.584
-1.332	-1.584
-1.368	-1.584
-1.404	-1.584
-1.440	-1.584
-1.404	-1.584
-1.368	-1.584
-1.332	-1.584
-1.296	-1.584
-1.260	-1.584
-1.224	-1.584
-1.188	-1.584
-1.152	-1.584
-1.116	-1.584
-1.080	-1.584
-1.044	-1.584
-1.008	-1.584
-0.972	-1.584
-0.936	-1.584
-0.900	-1.584
-0.864	-1.584
-0.828	-1.584
-0.792	-1.584
-0.756	-1.584
-0.720	-1.584
-0.684	-1.584
-0.648	-1.584
-0.612	-1.584
-0.576	-1.584
-0.540	-1.584
-0.504	-1.584
-0.468	-1.584
-0.432	-1.584
-0.396	-1.584
-0.360	-1.584
-0.324	-1.584
-0.288	-1.584
-0.252	-1.584
-0.216	-1.584
-0.180	-1.584
-0.144	-1.584
-0.108	-1.584
-0.072	-1.584
-0.036	-1.584
0.000	-1.584
0.000	-1.531
0.000	-1.478
0.000	-1.426
0.000	-1.373
0.000	-1.320
0.000	-1.267
0.000	-1.214
0.000	-1.162
0.000	-1.109
0.000	-1.056
0.000	-1.003
0.000	-0.950
0.000	-0.898
0.000	-0.845
0.000	-0.792
0.000	-0.739
0.000	-0.686
0.000	-0.634
0.000	-0.581
0.000	-0.528
0.000	-0.475
0.000	-0.422
0.000	-0.370
0.000	-0.317
0.000	-0.264
0.000	-0.211
0.000	-0.158
0.000	-0.106
0.000	-0.053
0.000	0.000
0.000	0.000
0.043	0.000
0.086	0.000
0.130	0.000
0.173	0.000
0.216	0.000
0.259	0.000
0.302	0.000
0.346	0.000
0.389	0.000
0.432	0.000
0.475	0.000
0.518	0.000
0.562	0.000
0.605	0.000
0.648	0.000
0.691	0.000
0.734	0.000
0.778	0.000
0.821	0.000
0.864	0.000
0.907	0.000
0.950	0.000
0.994	0.000
1.037	0.000
1.080	0.000
1.123	0.000
1.166	0.000
1.210	0.000
1.253	0.000
1.296	0.000
1.339	0.000
1.382	0.000
1.426	0.000
1.469	0.000
1.512	0.000
1.555	0.000
1.598	0.000
1.642	0.000
1.685	0.000
1.728	0.000
1.771	0.000
1.814	0.000
1.858	0.000
1.901	0.000
1.944	0.000
1.987	0.000
2.030	0.000
2.074	0.000
2.117	0.000
2.160	0.000
2.117	0.000
2.074	0.000
2.030	0.000
1.987	0.000
1.944	0.000
1.901	0.000
1.858	0.000
1.814	0.000
1.771	0.000
1.728	0.000
1.685	0.000
1.642	0.000
1.598	0.000
1.555	0.000
1.512	0.000
1.469	0.000
1.426	0.000
1.382	0.000
1.339	0.000
1.296	0.000
1.253	0.000
1.210	0.000
1.166	0.000
1.123	0.000
1.080	0.000
1.037	0.000
0.994	0.000
0.950	0.000
0.907	0.000
0.864	0.000
0.821	0.000
0.778	0.000
0.734	0.000
0.691	0.000
0.648	0.000
0.605	0.000
0.562	0.000
0.518	0.000
0.475	0.000
0.432	0.000
0.389	0.000
0.346	0.000
0.302	0.000
0.259	0.000
0.216	0.000
0.173	0.000
0.130	0.000
0.086	0.000
0.043	0.000
0.000	0.000
-0.043	0.000
-0.086	0.000
-0.130	0.000
-0.173	0.000
-0.216	0.000
-0.259	0.000
-0.302	0.000
-0.346	0.000
-0.389	0.000
-0.432	0.000
-0.475	0.000
-0.518	0.000
-0.562	0.000
-0.605	0.000
-0.648	0.000
-0.691	0.000
-0.734	0.000
-0.778	0.000
-0.821	0.000
-0.864	0.000
-0.907	0.000
-0.950	0.000
-0.994	0.000
-1.037	0.000
-1.080	0.000
-1.123	0.000
-1.166	0.000
-1.210	0.000
-1.253	0.000
-1.296	0.000
-1.339	0.000
-1.382	0.000
-1.426	0.000
-1.469	0.000
-1.512	0.000
-1.555	0.000
-1.598	0.000
-1.642	0.000
-1.685	0.000
-1.728	0.000
-1.771	0.000
-1.814	0.000
-1.858	0.000
-1.901	0.000
-1.944	0.000
-1.987	0.000
-2.030	0.000
-2.074	0.000
-2.117	0.000
-2.160	0.000
-2.117	0.000
-2.074	0.000
-2.030	0.000
-1.987	0.000
-1.944	0.000
-1.901	0.000
-1.858	0.000
-1.814	0.000
-1.771	0.000
-1.728	0.000
-1.685	0.000
-1.642	0.000
-1.598	0.000
-1.555	0.000
-1.512	0.000
-1.469	0.000
-1.426	0.000
-1.382	0.000
-1.339	0.000
-1.296	0.000
-1.253	0.000
-1.210	0.000
-1.166	0.000
-1.123	0.000
-1.080	0.000
-1.037	0.000
-0.994	0.000
-0.950	0.000
-0.907	0.000
-0.864	0.000
-0.821	0.000
-0.778	0.000
-0.734	0.000
-0.691	0.000
-0.648	0.000
-0.605	0.000
-0.562	0.000
-0.518	0.000
-0.475	0.000
-0.432	0.000
-0.389	0.000
-0.346	0.000
-0.302	0.000
-0.259	0.000
-0.216	0.000
-0.173	0.000
-0.130	0.000
-0.086	0.000
-0.043	0.000
0.000	0.000